;; This buffer is for notes you don't want to save, and for Lisp evaluation.
;; If you want to create a file, visit that file with C-x C-f,
;; then enter the text in that file's own buffer.

tries size: 5, globally best path index: 2
i = 0, recommend = 0.0192856, start point: 0.0175414   -90.9737    37.3586    45.7745    -10.021   -90.0674   -104.672   -37.1367    86.7962    69.2322     449.05   -13.1763  -0.593331         30   0.752716    8.13795    88.0664   0.604273   0.347066    0.89285   0.998989   0.464002   0.891675   0.950697   0.740509   0.822977   0.589394   0.981819    0.99807   0.965926   0.752716   0.991087   0.939956 
i = 1, recommend = -1, start point:0.00750369    80.0643    37.2789    42.0191     31.014   -87.1991    34.0187   -38.0037    85.2241    153.221     390.86    -15.981  -0.289174   -29.3837    0.80421    7.67463    87.0616   0.688494   0.348024   0.860086   0.990329   0.494418   0.988368   0.948388   0.749414   0.231574   0.683233   0.994727   0.999542   0.967304    0.80421   0.999331   0.865602 
i = 2, recommend = 0.0334212, start point:  0.030809   -3.15742    34.2064    56.1766   -30.9459   -68.8925   -148.059    53.7153   -91.6309    54.7872    450.019    -13.978   -3.77445    3.18876   0.554286    8.80214    88.6854   0.999488    0.38468   0.961533   0.990371    0.67308   0.787234   0.897784   0.712305   0.887867   0.587753   0.994279   0.922897   0.999613   0.554286   0.963042   0.971885 
i = 3, recommend = -1, start point:3.19974e-06    68.2459    56.7985    12.9004      24.99   -59.2167     160.24   -46.3528    74.0223    148.539      280.4   -6.24329   -8.86865   -169.384   0.817109    11.4913    78.5109   0.770217   0.104973   0.485257   0.993717   0.754754   0.752362   0.923545   0.808906   0.271115   0.832457   0.608203   0.598857  0.0925105   0.817109   0.670488  0.0464358 
i = 4, recommend = 0.019284, start point: 0.0174709   -89.7329    37.2233    45.0871   -10.4182   -91.6177   -98.5513   -37.1082     86.746    70.2614    453.691   -13.1885   -0.58293    23.7173   0.762792    8.17384    88.0375   0.614244   0.348693   0.887159   0.998907   0.447328   0.903771   0.950772   0.740795   0.817842   0.581514    0.98206   0.998137   0.978658   0.762792   0.990058   0.938188 



tries size: 10, globally best path index: 1
i = 0, recommend = 0.0192856, start point: 0.0175414    -90.976    37.3586    45.7755   -10.0201   -90.0671   -104.673   -37.1366    86.7975    69.2308    449.057   -13.1765  -0.592493    30.0011   0.752702    8.13787    88.0672   0.604254   0.347066   0.892858   0.998989   0.464005   0.891672   0.950698   0.740502   0.822984   0.589381   0.981823   0.998076   0.965923   0.752702    0.99109   0.940002 
i = 1, recommend = 0.0334212, start point:  0.030809   -3.15813    34.2062    56.1759   -30.9455   -68.8914   -148.059    53.7151   -91.6309     54.787    450.033   -13.9779    -3.7745    3.18934   0.554294    8.80196    88.6854   0.999488   0.384682    0.96153   0.990371    0.67309   0.787233   0.897784   0.712305   0.887868    0.58773   0.994278   0.922895   0.999613   0.554294   0.963052   0.971885 
i = 2, recommend = 0.019285, start point: 0.0175103   -90.1453    37.2711    45.3258   -10.3111   -91.0943   -100.619   -37.1177    86.7636    69.9092    452.107   -13.1841  -0.587243     25.851    0.75937    8.16168    88.0476   0.610941   0.348118   0.889151   0.998929   0.452975    0.89976   0.950747   0.740696   0.819606   0.584209   0.981975    0.99811   0.974662    0.75937   0.990413   0.938809 
i = 3, recommend = 0.0192413, start point: 0.0166266   -86.7622    36.8525    42.9898   -10.2732    -95.788   -81.9894   -37.0283    86.5948     73.197    464.602   -13.2337  -0.528867    6.21239   0.789458    8.27655    87.9502   0.637719   0.353145   0.868944   0.998937   0.401712    0.93306   0.950982   0.741657   0.802833   0.562773   0.982943   0.998467   0.998531   0.789458   0.986803   0.932715 
i = 4, recommend = -1, start point:0.00750369    80.0652    37.2804    42.0178    31.0138   -87.1986    34.0199   -38.0034    85.2248    153.221    390.851   -15.9812  -0.289327   -29.3838   0.804222    7.67469     87.062   0.688488   0.348006   0.860074   0.990329   0.494423   0.988367   0.948389    0.74941   0.231573   0.683246   0.994726   0.999541   0.967304   0.804222   0.999331   0.865639 
i = 5, recommend = -1, start point:5.00372e-06    74.5809    53.6984    53.1097    20.0971   -89.0452   -177.408   -43.5722    74.5081    152.165   -144.292   -9.00846   -8.17134   -174.869   0.560559     10.893    79.3911   0.727712   0.144412   0.944752   0.995935   0.474907   0.699423   0.932341   0.806474   0.240523   0.954683   0.809537   0.655689   0.044761   0.560559   0.757959  0.0874076 
i = 6, recommend = 0.0141595, start point:4.63011e-06   -68.7547    52.8058    -3.4178    11.7655   -57.3949    112.898   -50.7712     77.044    88.1532    651.548   -5.10787   -8.64773    166.469   0.786955    11.1906    79.9985   0.766918   0.155727    0.20878   0.998606    0.76901   0.874358   0.908512   0.793557   0.718411   0.204738   0.509751   0.617223   0.117803   0.786955   0.715855     0.1249 
i = 7, recommend = 0.0189678, start point: 0.0142183   -83.6712    36.2781     39.155   -7.04189   -100.841   -57.6954   -36.9736    86.1978    77.6263    478.154    -13.402   -0.41322   -20.5443   0.829076    8.40176    87.7142   0.661531   0.360027   0.832401   0.999501   0.345085   0.966663   0.951126   0.743915   0.779194   0.539087    0.98603   0.999064   0.983972   0.829076   0.982218   0.916881 
i = 8, recommend = 0.00858314, start point:4.88838e-06    81.8584    45.9457    13.5869     24.859   -48.7579   -177.209   -51.4232    85.9641    151.005    734.304   -17.2441   -9.98092   -172.966   0.743574    7.09072    86.8459   0.675195   0.241906    0.49612   0.993783   0.831417   0.700062   0.906185   0.745239    0.25034  0.0328676   0.972515    0.50173  0.0613416   0.743574   0.996328   0.846443 
i = 9, recommend = 0.0192715, start point: 0.0171401      -88.1    37.0022     44.023   -10.5649   -93.7902   -89.8877   -37.0678    86.6702    71.7738    460.396   -13.2137  -0.560213    14.6546   0.777139    8.22558    87.9937   0.627218   0.351348   0.878077   0.998876   0.423699   0.919726   0.950879   0.741228   0.810176   0.570033   0.982554    0.99828   0.991834   0.777139   0.988475   0.935469 


statistics: tries size: 6, globally best path index: 2
i = 2, recommend = 0.0334212, start point:  0.030809   -3.15762    34.2059     56.177   -30.9451    -68.892    -148.06    53.7149   -91.6308    54.7874     450.03   -13.9778   -3.77454    3.18969    0.55428    8.80177    88.6855   0.999488   0.384686   0.961535   0.990372   0.673084   0.787231   0.897785   0.712306   0.887866   0.587734   0.994276   0.922893   0.999613    0.55428   0.963063    0.97189 
i = 0, recommend = 0.0192856, start point: 0.0175414   -90.9759    37.3585    45.7756   -10.0207   -90.0671   -104.672   -37.1365    86.7974    69.2307    449.055    -13.176   -0.59298    30.0004     0.7527    8.13793    88.0672   0.604256   0.347067   0.892859   0.998989   0.464005   0.891674   0.950698   0.740502   0.822984   0.589385   0.981812   0.998073   0.965925     0.7527   0.991088   0.940001 
i = 1, recommend = -1, start point:0.00750369    80.0638     37.279    42.0205    31.0119   -87.2027    34.0147   -38.0039    85.2241    153.219    390.851   -15.9807  -0.290337   -29.3772   0.804193     7.6745    87.0615   0.688498   0.348023   0.860099    0.99033   0.494381    0.98837   0.948388   0.749414   0.231583   0.683247   0.994731   0.999538   0.967318   0.804193   0.999332   0.865601 
i = 3, recommend = 0.0192747, start point: 0.0172096   -88.3487    37.0396    44.1991   -10.5746   -93.4501   -91.2607   -37.0742    86.6835    71.5299    459.327   -13.2087  -0.564587    16.1042   0.774858    8.21718    88.0014   0.625253   0.350899   0.879603   0.998874   0.427417   0.917289   0.950862   0.741152   0.811421   0.571871   0.982457   0.998253   0.990141   0.774858    0.98874   0.935949 
i = 4, recommend = 0.00135307, start point:8.1269e-06    69.4242   -170.956    35.8844    26.5127    114.493   -31.7821   -47.1097    101.786    67.3943    700.061   -7.83926    9.94586    146.996    0.50059    8.73582     98.607   0.762546   0.115705    0.79804   0.992929   0.186281   0.989844   0.921061   0.649213   0.831981   0.104402   0.731777   0.504902   0.284048    0.50059    0.96669   0.238992 
i = 5, recommend = 0.00911199, start point:9.70259e-05     72.959    27.5957    40.0335    40.0404   -73.2424    59.3285   -52.6706    87.3428    150.605    744.998   -15.4461    9.98055   -64.7288   0.813346    7.92585    87.8873   0.738887    0.46145   0.841136   0.983897   0.633296    0.96476   0.901655   0.737383   0.253718   0.010475   0.998909   0.501763   0.844661   0.813346   0.996025   0.928648 
	
	
statistics: tries size: 8, globally best path index: 5
i = 5, recommend = 0.0334212, start point:  0.030809   -3.15712    34.2062    56.1769   -30.9456   -68.8927   -148.058    53.7152   -91.6309    54.7874    450.022   -13.9779   -3.77429    3.18868   0.554283    8.80209    88.6854   0.999488   0.384682   0.961535   0.990371   0.673078   0.787235   0.897784   0.712306   0.887866   0.587747   0.994277   0.922903   0.999613   0.554283   0.963045   0.971887 
i = 0, recommend = 0.00742694, start point:2.29633e-05   -52.2432    34.6394 -0.0267723    4.44818   -68.5326    -77.243   -38.7915    76.3935    96.7499    741.605   -24.9848    9.34315     -4.484   0.887273    10.9775    81.5247   0.863089   0.379549   0.268568   0.999801    0.67629   0.940511   0.946246   0.796905   0.664253   0.017581   0.501375   0.558341   0.999235   0.887273   0.746287   0.251633 
i = 1, recommend = -1, start point:0.00750369    80.0648    37.2796    42.0201    31.0179    -87.199    34.0311   -38.0036    85.2248    153.222    390.817   -15.9814  -0.290156   -29.3962   0.804194    7.67453     87.062    0.68849   0.348015   0.860096   0.990326   0.494419   0.988359   0.948389    0.74941   0.231562   0.683298   0.994723   0.999538   0.967276   0.804194   0.999332   0.865639 
i = 2, recommend = 0.0192856, start point: 0.0175414    -90.975     37.358    45.7754   -10.0208   -90.0676   -104.671   -37.1365     86.797    69.2314     449.06   -13.1764   -0.59315    29.9989   0.752704    8.13806    88.0669   0.604263   0.347074   0.892858   0.998989      0.464   0.891677   0.950698   0.740505   0.822981   0.589376   0.981821   0.998072   0.965928   0.752704   0.991084   0.939985 
i = 3, recommend = 0.0107382, start point: 0.0114981   -74.1219    40.2017    46.4668   -19.2267   -96.6876   -107.347   -51.3736    87.0444    72.7454    492.664   -12.4949  -0.125829    45.7429     0.7274    6.74223    87.6914   0.730895   0.312653   0.898441   0.996279   0.391733   0.886175   0.906363   0.739092   0.805176   0.513247   0.965787   0.999913   0.921379     0.7274   0.987432   0.915267 
i = 4, recommend = 0.0165177, start point:8.43477e-05   0.274733    26.9293    56.2674   -15.7222   -52.6592   -152.488    47.3166   -79.1536    65.2296    744.824   -6.38898   -9.92585    12.3951   0.484876    8.15151    97.9512   0.999996   0.469014   0.961985   0.997512   0.804309   0.774822   0.920376    0.78253   0.842313  0.0108394   0.620243    0.50671   0.994156   0.484876   0.990705   0.304707 
i = 6, recommend = 0.00144817, start point:5.32778e-05    60.3185    -171.92    43.5857    17.0038    97.5145    6.71708   -37.2125    104.035    58.0534    602.265   -5.06153    9.95199    104.862   0.508539    12.0375    98.4338   0.818915    0.10342   0.874249    0.99709   0.382521   0.999546   0.950497   0.634574   0.874394   0.304502    0.50557   0.504347   0.609714   0.508539   0.581419   0.255679 
i = 7, recommend = 0.0109183, start point:3.12494e-05    78.7931    26.0868    18.5341    74.6456   -33.9606    94.0385   -44.0158     75.448    158.943    660.238   -14.9227    8.63306   -152.979   0.551595     10.234    79.9453    0.69778   0.478528   0.572016   0.944408   0.916982   0.912254   0.930973    0.80173   0.182721   0.186891   0.999967   0.618431   0.233622   0.551595   0.840488   0.121307 
