base_rpy: 2625, 1020, 1720, -90, 0, -180
0.00790295    52.3968    37.1275    43.8606    39.5912   -75.6853    90.9187     44.614  -0.897953   -47.6527    389.516   -16.4212    1.22766   -90.3741  0.0954129   0.630644   0.389528   0.862302   0.349844   0.876661   0.984256   0.610179   0.917899   0.929106   0.999992   0.914774   0.685286   0.988945   0.991748   0.999233  0.0954129    0.99782   0.997507 
0.00790295    52.3969    37.1269    43.8646     39.591   -75.6878    90.9201    44.6144  -0.898207   -47.6525    389.477   -16.4214    1.22861   -90.3739  0.0954042   0.630826   0.389145   0.862301   0.349851   0.876696   0.984256   0.610155   0.917897   0.929105   0.999992   0.914775   0.685346   0.988942   0.991735   0.999234  0.0954042   0.997819   0.997511 
0.00790295    52.3962    37.1269    43.8621    39.5927   -75.6867    90.9186    44.6143  -0.898573   -47.6526    389.497   -16.4224    1.22778   -90.3747  0.0954096   0.631082   0.389255   0.862305   0.349851   0.876675   0.984254   0.610166     0.9179   0.929105   0.999992   0.914774   0.685314   0.988927   0.991746    0.99923  0.0954096   0.997817    0.99751 
0.00216244    77.0785     37.871    34.9203   -32.0673   -99.6113    -48.798   -44.9522   -186.686   -56.7031    454.746   -14.7911   -1.08834   -89.6921   0.115324    4.71858    0.24327   0.710121   0.340897   0.787368   0.989662   0.358992   0.976114    0.92804   0.686179   0.880051   0.579716   0.999761   0.993512    0.99948   0.115324   0.880382   0.999027 
0.00254502    74.9199    38.7774    36.0383   -28.6102   -98.8293   -48.3636   -44.9524    179.463   -55.4247    459.103   -14.7599   -1.06849   -89.6966   0.112915   0.379636   0.048893   0.725352   0.329947   0.799721   0.991768   0.367795   0.976536    0.92804   0.708763   0.885293   0.572256   0.999684   0.993747   0.999495   0.112915    0.99921   0.999961 
0.00254502    74.9179    38.7786    36.0369   -28.6093    -98.829   -48.3653   -44.9518    179.465    -55.425    459.102   -14.7611   -1.06783   -89.6953   0.112918   0.377859  0.0494612   0.725366   0.329933   0.799705   0.991768   0.367799   0.976534   0.928042   0.708755   0.885292   0.572258   0.999687   0.993754   0.999491   0.112918   0.999217    0.99996 
0.00790295    52.3967     37.127    43.8645    39.5919   -75.6882    90.9196    44.6141  -0.899093   -47.6523     389.47   -16.4216    1.22837   -90.3745  0.0954044   0.631446   0.389412   0.862303    0.34985   0.876696   0.984255   0.610152   0.917898   0.929106   0.999992   0.914776   0.685355   0.988939   0.991738   0.999231  0.0954044   0.997815   0.997508 
0.00790295    52.3975    37.1255    43.8642    39.5923   -75.6868    90.9203     44.614  -0.897867   -47.6521    389.506   -16.4226    1.22702   -90.3745  0.0954051   0.630584   0.389503   0.862298   0.349868   0.876693   0.984255   0.610165   0.917897   0.929106   0.999992   0.914776     0.6853   0.988924   0.991756   0.999231  0.0954051   0.997821   0.997507 
0.00790295     52.399    37.1253    43.8641    39.5921   -75.6849    90.9203    44.6139  -0.897314   -47.6514    389.512   -16.4228    1.22829   -90.3745  0.0954051   0.630193   0.389614   0.862291    0.34987   0.876692   0.984255   0.610184   0.917897   0.929106   0.999992   0.914778   0.685293   0.988921   0.991739   0.999231  0.0954051   0.997823   0.997505 
0.00790295    52.3982    37.1262    43.8643    39.5909   -75.6866     90.921    44.6139  -0.897452    -47.652    389.498   -16.4217    1.22759    -90.374  0.0954047    0.63029   0.389657   0.862295   0.349859   0.876694   0.984256   0.610167   0.917895   0.929107   0.999992   0.914776   0.685313   0.988938   0.991748   0.999233  0.0954047   0.997823   0.997505 
0.00790295    52.3986    37.1268    43.8638    39.5904   -75.6855    90.9216    44.6141  -0.897185   -47.6519    389.494   -16.4215    1.22859   -90.3746  0.0954059   0.630105   0.389455   0.862293   0.349852   0.876689   0.984256   0.610178   0.917894   0.929106   0.999992   0.914777    0.68532   0.988941   0.991735   0.999231  0.0954059   0.997824   0.997507 
0.00790295     52.396    37.1278    43.8636    39.5914   -75.6885     90.921    44.6144  -0.898484   -47.6529    389.468   -16.4215    1.22768   -90.3749  0.0954063   0.631021   0.389125   0.862306    0.34984   0.876688   0.984255   0.610149   0.917895   0.929105   0.999992   0.914773   0.685359   0.988941   0.991747   0.999229  0.0954063   0.997817   0.997512 
0.00254502    74.9194    38.7752    36.0375   -28.6093   -98.8274   -48.3643    -44.952    179.462    -55.425    459.158   -14.7594   -1.06685   -89.6962   0.112917   0.380205  0.0492443   0.725356   0.329974   0.799712   0.991768   0.367817   0.976535   0.928041   0.708765   0.885292   0.572161   0.999683   0.993766   0.999494   0.112917   0.999207    0.99996 
0.00790295    52.3976    37.1264    43.8651    39.5907   -75.6875    90.9219    44.6144  -0.897599   -47.6523    389.484   -16.4216      1.228   -90.3746  0.0954031   0.630399   0.389139   0.862298   0.349857   0.876701   0.984256   0.610158   0.917894   0.929105   0.999992   0.914775   0.685335    0.98894   0.991743   0.999231  0.0954031   0.997822   0.997511 
 0.0031167   -46.3947    40.6439    31.6827    26.5718   -99.7321    44.0283    45.6461   -1.00779   -93.0188    463.256   -15.2263    0.54952   -90.0063   0.122452   0.720585  -0.641715    0.89149   0.307261   0.749783   0.992898    0.35763   0.980541   0.925829    0.99999   0.688236   0.565101   0.999719   0.998345          1   0.122452   0.997154   0.993244 
0.00286202   -73.8968    39.2951    43.3823   -32.9771    -60.087   -119.811   -44.5696   -179.859   -122.728    355.559   -16.3975 -0.0908287   -90.3481  0.0953915 -0.0987231    0.43046    0.73245   0.323674    0.87245   0.989068   0.747813   0.858884   0.929245   0.707541   0.479246   0.735304    0.98931   0.999955   0.999336  0.0953915   0.999947   0.996956 
0.00790295     52.397    37.1273    43.8637    39.5916   -75.6874     90.922    44.6144  -0.897232   -47.6526    389.477   -16.4226    1.22742    -90.375  0.0954061   0.630141   0.389153   0.862301   0.349847   0.876689   0.984255    0.61016   0.917894   0.929105   0.999992   0.914774   0.685346   0.988924   0.991751   0.999229  0.0954061   0.997824   0.997511 
0.00286202    -73.899    39.2916    43.3841   -32.9783   -60.0841   -119.809   -44.5705   -179.858   -122.729    355.601   -16.3994  -0.090927    -90.348  0.0953873 -0.0994111   0.429564   0.732435   0.323716   0.872465   0.989067   0.747837   0.858888   0.929243   0.707544   0.479236   0.735245   0.989281   0.999955   0.999336  0.0953873   0.999946   0.996968 
0.00790295    52.3987    37.1273    43.8631    39.5908   -75.6854    90.9216    44.6137   -0.89666   -47.6519     389.49   -16.4222     1.2279   -90.3742  0.0954073   0.629732   0.389792   0.862292   0.349847   0.876684   0.984256   0.610178   0.917894   0.929107   0.999992   0.914777   0.685325    0.98893   0.991744   0.999232  0.0954073   0.997826   0.997503 
0.00286202   -73.8977    39.2917    43.3833   -32.9796   -60.0834   -119.809   -44.5689    -179.86   -122.729    355.604   -16.3989  -0.091748   -90.3473  0.0953888 -0.0979728   0.431226   0.732444   0.323714   0.872458   0.989066   0.747842   0.858888   0.929248   0.707537   0.479235    0.73524   0.989289   0.999954   0.999339  0.0953888   0.999947   0.996945 
0.00254502    74.9196    38.7773    36.0397    -28.609   -98.8298   -48.3664   -44.9524    179.464   -55.4242      459.1   -14.7596   -1.06722   -89.6946   0.112912    0.37863  0.0488902   0.725354   0.329949   0.799735   0.991768    0.36779   0.976533    0.92804   0.708758   0.885295   0.572261   0.999683   0.993761   0.999489   0.112912   0.999214   0.999961 
0.00790295    52.3967    37.1272    43.8641     39.591   -75.6882    90.9211    44.6143  -0.897632   -47.6528    389.477   -16.4217    1.22753    -90.374  0.0954053   0.630422   0.389191   0.862303   0.349847   0.876692   0.984256   0.610152   0.917895   0.929105   0.999992   0.914774   0.685345   0.988937   0.991749   0.999233  0.0954053   0.997822   0.997511 
0.00790295    52.3952     37.127    43.8628    39.5923   -75.6879    90.9185    44.6148   -0.89844   -47.6532    389.488   -16.4222     1.2281   -90.3739  0.0954082   0.630995   0.388712    0.86231   0.349849   0.876681   0.984255   0.610154     0.9179   0.929104   0.999992   0.914772   0.685329    0.98893   0.991742   0.999233  0.0954082   0.997818   0.997517 
0.00790295    52.3962    37.1283    43.8625    39.5917    -75.687    90.9205    44.6147  -0.897654   -47.6529    389.469   -16.4223    1.22864   -90.3747  0.0954089   0.630441   0.388847   0.862305   0.349834   0.876678   0.984255   0.610163   0.917896   0.929104   0.999992   0.914773   0.685358   0.988928   0.991734    0.99923  0.0954089   0.997821   0.997515 
0.00255174    74.3857    38.9841    36.3228   -27.6338   -98.5895    -48.204   -44.9707   -178.861   -55.0419     460.06   -14.7454   -1.06016   -89.6986     0.1123  -0.804898  0.0349743   0.729068   0.327445   0.802812   0.992319   0.370488    0.97669   0.927982   0.710612   0.886842   0.570611   0.999645   0.993844   0.999502     0.1123    0.99645    0.99998 
0.00790295    52.3965    37.1277    43.8639     39.591   -75.6881     90.922    44.6146  -0.897332   -47.6529    389.468    -16.422    1.22769   -90.3745  0.0954057   0.630214   0.388959   0.862304   0.349841   0.876691   0.984256   0.610152   0.917894   0.929104   0.999992   0.914773   0.685359   0.988933   0.991747   0.999231  0.0954057   0.997823   0.997514 
0.00790295    52.3971     37.128    43.8621    39.5918   -75.6864    90.9198     44.614  -0.897826   -47.6524     389.48   -16.4223    1.22808   -90.3743  0.0954095   0.630554   0.389561   0.862301   0.349838   0.876675   0.984255   0.610169   0.917898   0.929106   0.999992   0.914775   0.685341   0.988929   0.991742   0.999232  0.0954095   0.997821   0.997506 
0.00254502    74.9175    38.7787    36.0344   -28.6102    -98.828   -48.3628   -44.9515    179.463    -55.426    459.116   -14.7613   -1.06846   -89.6973   0.112923   0.379171  0.0497386   0.725369   0.329932   0.799679   0.991768    0.36781   0.976537   0.928042   0.708761   0.885288   0.572233   0.999688   0.993747   0.999498   0.112923   0.999212   0.999959 
0.00790295    52.3979    37.1269    43.8659    39.5905   -75.6883    90.9227    44.6141   -0.89744   -47.6522    389.466   -16.4217    1.22774   -90.3744  0.0954014   0.630284   0.389432   0.862297   0.349851   0.876708   0.984256   0.610151   0.917892   0.929106   0.999992   0.914776   0.685362   0.988938   0.991746   0.999232  0.0954014   0.997823   0.997508 
0.00790295    52.3972     37.127    43.8631    39.5923   -75.6866    90.9184     44.614  -0.898426   -47.6521    389.486   -16.4223     1.2286   -90.3738  0.0954074   0.630975   0.389561     0.8623    0.34985   0.876684   0.984255   0.610167     0.9179   0.929106   0.999992   0.914776   0.685331   0.988929   0.991735   0.999234  0.0954074   0.997818   0.997506 
0.00254502    74.9221    38.7716    36.0454   -28.6094   -98.8294   -48.3622   -44.9525    179.464   -55.4224    459.152   -14.7599   -1.06949   -89.6969   0.112899    0.37847  0.0487283   0.725336   0.330018   0.799798   0.991768   0.367794   0.976537   0.928039   0.708758   0.885303   0.572171   0.999684   0.993735   0.999496   0.112899   0.999215   0.999961 
0.00790295    52.3978    37.1268    43.8657    39.5913   -75.6878    90.9232    44.6144  -0.897134   -47.6522    389.462   -16.4226    1.22799   -90.3751  0.0954018   0.630073   0.389124   0.862297   0.349852   0.876706   0.984255   0.610155   0.917891   0.929105   0.999992   0.914776   0.685367   0.988923   0.991743   0.999229  0.0954018   0.997824   0.997512 
0.00790295    52.3968    37.1278    43.8629    39.5919   -75.6871    90.9199    44.6142  -0.897839   -47.6526    389.472   -16.4224    1.22828   -90.3741  0.0954079   0.630565   0.389349   0.862302    0.34984   0.876682   0.984255   0.610162   0.917897   0.929106   0.999992   0.914775   0.685353   0.988926   0.991739   0.999233  0.0954079   0.997821   0.997509 
0.00255174    74.3826     38.984    36.3225   -27.6346   -98.5905    -48.206   -44.9687    -178.86   -55.0432    460.059   -14.7481   -1.06078   -89.6979   0.112301  -0.805936  0.0370178   0.729089   0.327446   0.802808   0.992319   0.370477   0.976688   0.927988   0.710617   0.886837   0.570613   0.999652   0.993836   0.999499   0.112301   0.996441   0.999977 
0.00790295    52.3974    37.1274    43.8646    39.5904   -75.6878     90.922    44.6144  -0.896771   -47.6526    389.471    -16.422    1.22795   -90.3737  0.0954041   0.629817   0.389152   0.862299   0.349845   0.876697   0.984256   0.610156   0.917894   0.929105   0.999992   0.914774   0.685354   0.988934   0.991744   0.999235  0.0954041   0.997826   0.997511 
0.00790295    52.3972    37.1271    43.8634    39.5913   -75.6868    90.9202    44.6142  -0.897262   -47.6525    389.485   -16.4222    1.22816   -90.3736  0.0954067   0.630161   0.389265     0.8623   0.349848   0.876686   0.984255   0.610165   0.917897   0.929105   0.999992   0.914775   0.685333    0.98893   0.991741   0.999235  0.0954067   0.997823    0.99751 
0.00790295    52.3968    37.1284    43.8622    39.5899   -75.6865    90.9216    44.6146  -0.896845   -47.6531    389.482   -16.4212    1.22825   -90.3742  0.0954094   0.629872   0.388936   0.862302   0.349833   0.876676   0.984257   0.610168   0.917894   0.929104   0.999992   0.914773   0.685337   0.988946    0.99174   0.999232  0.0954094   0.997825   0.997514 
0.00790295    52.3962    37.1267    43.8652    39.5924   -75.6891     90.921    44.6144  -0.898514   -47.6525    389.464   -16.4225    1.22755   -90.3749  0.0954029   0.631042   0.389106   0.862305   0.349853   0.876702   0.984255   0.610143   0.917895   0.929105   0.999992   0.914775   0.685364   0.988925   0.991749   0.999229  0.0954029   0.997817   0.997512 
0.00790295    52.3978     37.126    43.8637    39.5911    -75.686    90.9203    44.6142  -0.897759   -47.6521    389.509   -16.4215    1.22811   -90.3744   0.095406    0.63051   0.389275   0.862297   0.349862   0.876689   0.984256   0.610173   0.917897   0.929105   0.999992   0.914776   0.685297    0.98894   0.991741   0.999232   0.095406   0.997821    0.99751 
0.00790295     52.398    37.1267    43.8632    39.5907   -75.6852    90.9212    44.6145   -0.89689   -47.6523      389.5   -16.4219    1.22876   -90.3745   0.095407   0.629902    0.38903   0.862296   0.349853   0.876685   0.984256    0.61018   0.917895   0.929105   0.999992   0.914776    0.68531   0.988935   0.991733   0.999231   0.095407   0.997825   0.997513 
0.00790295    52.3965    37.1278    43.8625    39.5912   -75.6865    90.9216    44.6149  -0.896576   -47.6531    389.482   -16.4226    1.22817   -90.3746  0.0954088   0.629686   0.388619   0.862304    0.34984   0.876678   0.984256   0.610168   0.917894   0.929103   0.999992   0.914773   0.685338   0.988924   0.991741   0.999231  0.0954088   0.997827   0.997518 
0.00790295    52.3965    37.1274    43.8646    39.5912   -75.6884    90.9209    44.6145  -0.897958   -47.6527    389.463   -16.4218    1.22844   -90.3742  0.0954042   0.630653    0.38897   0.862304   0.349844   0.876697   0.984256    0.61015   0.917896   0.929104   0.999992   0.914774   0.685366   0.988936   0.991737   0.999232  0.0954042    0.99782   0.997514 
0.00790295    52.3966    37.1288     43.862    39.5902    -75.687     90.922    44.6144  -0.897192   -47.6531    389.473   -16.4213    1.22772   -90.3748  0.0954099   0.630113   0.389161   0.862303   0.349828   0.876674   0.984256   0.610163   0.917894   0.929105   0.999992   0.914773   0.685351   0.988945   0.991747    0.99923  0.0954099   0.997824   0.997511 
0.00790295    52.3967    37.1259    43.8646    39.5916   -75.6873    90.9204    44.6148  -0.897626   -47.6526    389.494   -16.4223    1.22825   -90.3742  0.0954042   0.630423   0.388712   0.862302   0.349863   0.876696   0.984255    0.61016   0.917896   0.929104   0.999992   0.914774   0.685319   0.988929    0.99174   0.999232  0.0954042   0.997822   0.997517 
0.00790295    52.3971    37.1275    43.8648    39.5898   -75.6883    90.9224    44.6144  -0.897538   -47.6527    389.471   -16.4209    1.22792   -90.3744  0.0954038   0.630357   0.389095   0.862301   0.349844   0.876698   0.984257   0.610151   0.917893   0.929105   0.999992   0.914774   0.685355   0.988951   0.991744   0.999232  0.0954038   0.997822   0.997512 
0.00287773   -74.4342    39.1246      43.38   -33.8178   -59.0036    -119.95   -44.5638    178.609   -123.533    351.167   -16.3731 -0.0598735   -90.3637  0.0951885   0.976065   0.444604   0.728731   0.325742   0.872429   0.988504    0.75644   0.858563   0.929263   0.711386   0.473068   0.741506    0.98968    0.99998   0.999275  0.0951885   0.994781   0.996753 
0.00790295    52.3958    37.1282    43.8608    39.5921   -75.6862    90.9192    44.6146  -0.897549   -47.6531     389.49   -16.4225    1.22802   -90.3744  0.0954125   0.630366   0.388961   0.862307   0.349836   0.876663   0.984255   0.610171   0.917899   0.929104   0.999992   0.914772   0.685326   0.988925   0.991743   0.999232  0.0954125   0.997822   0.997514 
0.00790295    52.3984    37.1255    43.8665     39.591   -75.6877    90.9223    44.6141  -0.897398   -47.6518    389.485   -16.4221    1.22759   -90.3743  0.0954001   0.630255   0.389436   0.862294   0.349868   0.876713   0.984256   0.610156   0.917893   0.929106   0.999992   0.914777   0.685333   0.988931   0.991748   0.999232  0.0954001   0.997823   0.997508 
0.00790295     52.396    37.1267    43.8642    39.5922   -75.6882    90.9201    44.6148  -0.897799   -47.6529    389.477   -16.4228    1.22811   -90.3741   0.095405   0.630544   0.388705   0.862306   0.349853   0.876693   0.984255   0.610152   0.917897   0.929104   0.999992   0.914773   0.685345   0.988921   0.991741   0.999233   0.095405   0.997821   0.997517 
0.00255174    74.3859     38.981    36.3263   -27.6352   -98.5905   -48.2069   -44.9693   -178.862    -55.042    460.076   -14.7459    -1.0608   -89.6969   0.112293  -0.803891  0.0363623   0.729066   0.327482    0.80285   0.992319   0.370477   0.976687   0.927986   0.710608   0.886841   0.570582   0.999646   0.993836   0.999496   0.112293   0.996459   0.999978 
0.00790295    52.3972    37.1275     43.863    39.5919   -75.6865    90.9202    44.6142  -0.897883   -47.6523    389.479   -16.4223    1.22855   -90.3746  0.0954075   0.630597    0.38931     0.8623   0.349844   0.876683   0.984255   0.610168   0.917897   0.929105   0.999992   0.914775   0.685343   0.988928   0.991736   0.999231  0.0954075    0.99782   0.997509 
0.00790295    52.3976    37.1256    43.8647    39.5914   -75.6863    90.9211    44.6147  -0.897858   -47.6522    389.501   -16.4218    1.22853   -90.3751   0.095404   0.630584   0.388864   0.862298   0.349866   0.876697   0.984255    0.61017   0.917895   0.929104   0.999992   0.914776   0.685308   0.988936   0.991736   0.999229   0.095404   0.997821   0.997515 
0.00790295    52.3979    37.1275    43.8633    39.5912   -75.6865    90.9216    44.6138  -0.897312   -47.6521    389.479   -16.4222    1.22765   -90.3747  0.0954069   0.630191   0.389688   0.862296   0.349844   0.876685   0.984255   0.610168   0.917894   0.929107   0.999992   0.914776   0.685342    0.98893   0.991748    0.99923  0.0954069   0.997823   0.997504 
0.00255174    74.3844    38.9816    36.3275   -27.6331   -98.5915   -48.2055   -44.9696   -178.857   -55.0411    460.063   -14.7475   -1.06062   -89.6978    0.11229   -0.80756  0.0360696   0.729077   0.327475   0.802863    0.99232   0.370466   0.976688   0.927985   0.710624   0.886845   0.570605    0.99965   0.993838   0.999499    0.11229   0.996426   0.999979 
0.00790295    52.3971    37.1286    43.8622    39.5905   -75.6865    90.9213    44.6144  -0.896533   -47.6529    389.475    -16.422    1.22829   -90.3738  0.0954094    0.62965   0.389123   0.862301   0.349831   0.876676   0.984256   0.610168   0.917895   0.929105   0.999992   0.914773   0.685349   0.988933   0.991739   0.999234  0.0954094   0.997827   0.997512 
0.00286202   -73.8986    39.2898    43.3849   -32.9784   -60.0838   -119.809   -44.5695   -179.859   -122.729    355.636   -16.3986 -0.0912349   -90.3474  0.0953855 -0.0991016   0.430595   0.732438   0.323738   0.872473   0.989067   0.747839   0.858887   0.929246   0.707542   0.479236   0.735195   0.989293   0.999954   0.999339  0.0953855   0.999946   0.996954 
0.00286202   -73.8982     39.291    43.3846   -32.9786   -60.0851   -119.811   -44.5698   -179.859   -122.729     355.61   -16.3986 -0.0899434    -90.347  0.0953861 -0.0989165   0.430292    0.73244   0.323723   0.872471   0.989067   0.747828   0.858884   0.929245   0.707542   0.479237   0.735231   0.989294   0.999956    0.99934  0.0953861   0.999946   0.996958 
0.00254502    74.9183    38.7783    36.0362   -28.6101   -98.8296   -48.3648   -44.9519    179.462   -55.4258    459.102   -14.7605    -1.0671   -89.6966   0.112919   0.379879  0.0493275   0.725363   0.329936   0.799698   0.991768   0.367792   0.976535   0.928041   0.708764   0.885289   0.572256   0.999686   0.993763   0.999495   0.112919   0.999209    0.99996 
0.00790295    52.3972    37.1257    43.8649    39.5914   -75.6871    90.9212    44.6147   -0.89737   -47.6524    389.496   -16.4223    1.22807   -90.3744  0.0954034   0.630242   0.388804     0.8623   0.349865   0.876699   0.984255   0.610162   0.917895   0.929104   0.999992   0.914775   0.685316   0.988929   0.991742   0.999231  0.0954034   0.997823   0.997516 
0.00790295    52.3974    37.1274    43.8638    39.5914   -75.6871    90.9202    44.6141  -0.897594   -47.6523    389.474   -16.4222    1.22834   -90.3738   0.095406   0.630392   0.389447   0.862299   0.349845   0.876689   0.984255   0.610162   0.917897   0.929106   0.999992   0.914775   0.685349    0.98893   0.991738   0.999234   0.095406   0.997822   0.997508 
0.00790295     52.398    37.1258    43.8638    39.5917   -75.6861    90.9207     44.614  -0.897561    -47.652    389.507   -16.4222     1.2275   -90.3747  0.0954058   0.630369    0.38948   0.862296   0.349864    0.87669   0.984255   0.610172   0.917896   0.929106   0.999992   0.914776   0.685299   0.988929    0.99175    0.99923  0.0954058   0.997822   0.997507 
0.00254502     74.919    38.7778    36.0355   -28.6092   -98.8273   -48.3636   -44.9525    179.463    -55.425    459.131     -14.76   -1.06728    -89.696   0.112921   0.379069  0.0487812   0.725358   0.329942    0.79969   0.991768   0.367818   0.976536   0.928039    0.70876   0.885292   0.572208   0.999684   0.993761   0.999493   0.112921   0.999212   0.999961 
0.00790295    52.3964    37.1283     43.863    39.5921   -75.6882    90.9204    44.6139  -0.898444   -47.6526    389.459   -16.4223    1.22761   -90.3747  0.0954077   0.630988   0.389605   0.862304   0.349834   0.876683   0.984255   0.610152   0.917897   0.929106   0.999992   0.914774   0.685373   0.988929   0.991748    0.99923  0.0954077   0.997818   0.997506 
0.00790257    52.3032    37.1059    43.8515    39.6905   -75.7655    90.7384    44.6137   -1.02429   -47.6595    389.418   -16.4178    1.23224    -90.376  0.0954356   0.719361   0.390888   0.862782   0.350103   0.876582   0.984177   0.609412    0.91822   0.929107    0.99999    0.91475   0.685436   0.988999   0.991686   0.999225  0.0954356   0.997164   0.997489 
0.00254502    74.9202    38.7757    36.0384    -28.609   -98.8274    -48.364   -44.9526    179.464   -55.4239    459.145     -14.76    -1.0675   -89.6951   0.112915   0.378533  0.0486146    0.72535   0.329968   0.799722   0.991768   0.367817   0.976535   0.928039   0.708758   0.885297   0.572183   0.999684   0.993758    0.99949   0.112915   0.999214   0.999961 
0.00790295    52.3972    37.1268    43.8634    39.5909   -75.6863    90.9202    44.6146   -0.89714   -47.6526    389.494   -16.4219    1.22864   -90.3737  0.0954068   0.630079   0.388904     0.8623   0.349852   0.876686   0.984256    0.61017   0.917897   0.929104   0.999992   0.914774   0.685319   0.988934   0.991734   0.999234  0.0954068   0.997824   0.997515 
0.00790295    52.3971    37.1267    43.8618    39.5923   -75.6852    90.9192    44.6143  -0.897926   -47.6524    389.509   -16.4224    1.22825   -90.3749  0.0954102   0.630629   0.389183   0.862301   0.349854   0.876672   0.984255   0.610181   0.917899   0.929105   0.999992   0.914775   0.685296   0.988928    0.99174   0.999229  0.0954102    0.99782   0.997511 
0.00287773   -74.4327    39.1271    43.3797   -33.8166    -59.007   -119.953   -44.5635    178.609   -123.532    351.127   -16.3718 -0.0587359    -90.363  0.0951896    0.97626   0.444947   0.728742   0.325712   0.872427   0.988505   0.756413   0.858556   0.929265   0.711387   0.473076   0.741563   0.989699   0.999981   0.999278  0.0951896   0.994779   0.996748 
0.00254502    74.9199    38.7779    36.0342   -28.6107   -98.8267    -48.363   -44.9528    179.463   -55.4249    459.132   -14.7615   -1.06797    -89.695   0.112924    0.37909  0.0484897   0.725352   0.329941   0.799676   0.991767   0.367824   0.976536   0.928038    0.70876   0.885293   0.572206   0.999688   0.993753    0.99949   0.112924   0.999212   0.999961 
0.00790295    52.3971    37.1284    43.8632    39.5907   -75.6874    90.9214     44.614  -0.898023   -47.6525    389.465   -16.4213    1.22811   -90.3747  0.0954072   0.630692   0.389517     0.8623   0.349833   0.876684   0.984256   0.610159   0.917895   0.929106   0.999992   0.914775   0.685363   0.988945   0.991741    0.99923  0.0954072    0.99782   0.997507 
0.00790295    52.3966    37.1283    43.8633     39.592   -75.6879     90.921    44.6141  -0.898237   -47.6525    389.457   -16.4223    1.22792   -90.3751  0.0954071   0.630844   0.389426   0.862303   0.349834   0.876685   0.984255   0.610155   0.917895   0.929106   0.999992   0.914775   0.685376   0.988928   0.991744   0.999229  0.0954071   0.997819   0.997508 
0.00287773   -74.4343    39.1245    43.3816   -33.8142   -59.0058   -119.955   -44.5636    178.609   -123.532     351.17   -16.3708 -0.0597287   -90.3618  0.0951856   0.975717   0.444821   0.728731   0.325742   0.872444   0.988507   0.756423   0.858552   0.929264   0.711384   0.473073   0.741503   0.989714    0.99998   0.999282  0.0951856   0.994784   0.996749 
0.00254502    74.9208    38.7778    36.0379     -28.61   -98.8288    -48.362   -44.9534    179.465   -55.4238    459.101   -14.7609   -1.06867   -89.6964   0.112916   0.378233  0.0478827   0.725346   0.329943   0.799716   0.991768   0.367801   0.976537   0.928037   0.708757   0.885297   0.572258   0.999687   0.993745   0.999494   0.112916   0.999216   0.999962 
0.00790295    52.3969    37.1269    43.8627    39.5918   -75.6866    90.9197    44.6141  -0.898005   -47.6525    389.497    -16.422    1.22762   -90.3743  0.0954083   0.630681   0.389417   0.862301   0.349851    0.87668   0.984255   0.610167   0.917898   0.929106   0.999992   0.914775   0.685315   0.988934   0.991748   0.999232  0.0954083    0.99782   0.997508 
0.00790295    52.3973    37.1264    43.8648    39.5916   -75.6874    90.9205    44.6143  -0.898291   -47.6522    389.483   -16.4218    1.22837   -90.3746  0.0954038   0.630884   0.389245   0.862299   0.349857   0.876698   0.984255    0.61016   0.917896   0.929105   0.999992   0.914776   0.685336   0.988936   0.991738   0.999231  0.0954038   0.997818    0.99751 
0.00255174    74.3827     38.986    36.3194   -27.6337   -98.5887   -48.2058   -44.9694   -178.859    -55.043    460.058   -14.7472   -1.06014   -89.6972   0.112308   -0.80632   0.036283   0.729089   0.327421   0.802775   0.992319   0.370497   0.976688   0.927986   0.710618   0.886837   0.570614    0.99965   0.993844   0.999497   0.112308   0.996437   0.999978 
0.00254502      74.92    38.7775    36.0402   -28.6095   -98.8304   -48.3643   -44.9527    179.465   -55.4239    459.086   -14.7605   -1.06845   -89.6958   0.112911   0.378083  0.0485964   0.725351   0.329946   0.799741   0.991768   0.367783   0.976535   0.928039   0.708756   0.885297   0.572284   0.999685   0.993747   0.999493   0.112911   0.999216   0.999961 
0.00790295    52.3964    37.1261    43.8626    39.5933   -75.6864    90.9172    44.6143  -0.898927   -47.6523    389.504   -16.4227    1.22836   -90.3742  0.0954084   0.631331   0.389248   0.862304   0.349861   0.876679   0.984254   0.610169   0.917902   0.929105   0.999992   0.914775   0.685304   0.988923   0.991738   0.999233  0.0954084   0.997815    0.99751 
0.00790295    52.3991    37.1272    43.8656    39.5907   -75.6868    90.9223    44.6138    -0.8971   -47.6516     389.46   -16.4222    1.22891   -90.3742  0.0954019   0.630043   0.389703    0.86229   0.349847   0.876706   0.984256   0.610166   0.917893   0.929107   0.999992   0.914778   0.685371    0.98893   0.991731   0.999232  0.0954019   0.997824   0.997504 
0.00286202   -73.8973    39.2941    43.3805   -32.9783   -60.0839   -119.811   -44.5695   -179.859   -122.728    355.599   -16.3981 -0.0905398   -90.3462   0.095395 -0.0987526   0.430542   0.732446   0.323686   0.872433   0.989067   0.747839   0.858884   0.929246   0.707541   0.479243   0.735248   0.989302   0.999955   0.999343   0.095395   0.999947   0.996954 

candidate size: 7

0.00790295    52.3969    37.1269    43.8646     39.591   -75.6878    90.9201    44.6144  -0.898207   -47.6525    389.477   -16.4214    1.22861   -90.3739  0.0954042   0.630826   0.389145   0.862301   0.349851   0.876696   0.984256   0.610155   0.917897   0.929105   0.999992   0.914775   0.685346   0.988942   0.991735   0.999234  0.0954042   0.997819   0.997511 

0.00216244    77.0785     37.871    34.9203   -32.0673   -99.6113    -48.798   -44.9522   -186.686   -56.7031    454.746   -14.7911   -1.08834   -89.6921   0.115324    4.71858    0.24327   0.710121   0.340897   0.787368   0.989662   0.358992   0.976114    0.92804   0.686179   0.880051   0.579716   0.999761   0.993512    0.99948   0.115324   0.880382   0.999027 

0.00254502    74.9179    38.7786    36.0369   -28.6093    -98.829   -48.3653   -44.9518    179.465    -55.425    459.102   -14.7611   -1.06783   -89.6953   0.112918   0.377859  0.0494612   0.725366   0.329933   0.799705   0.991768   0.367799   0.976534   0.928042   0.708755   0.885292   0.572258   0.999687   0.993754   0.999491   0.112918   0.999217    0.99996 

 0.0031167   -46.3947    40.6439    31.6827    26.5718   -99.7321    44.0283    45.6461   -1.00779   -93.0188    463.256   -15.2263    0.54952   -90.0063   0.122452   0.720585  -0.641715    0.89149   0.307261   0.749783   0.992898    0.35763   0.980541   0.925829    0.99999   0.688236   0.565101   0.999719   0.998345          1   0.122452   0.997154   0.993244 

0.00286202   -73.8968    39.2951    43.3823   -32.9771    -60.087   -119.811   -44.5696   -179.859   -122.728    355.559   -16.3975 -0.0908287   -90.3481  0.0953915 -0.0987231    0.43046    0.73245   0.323674    0.87245   0.989068   0.747813   0.858884   0.929245   0.707541   0.479246   0.735304    0.98931   0.999955   0.999336  0.0953915   0.999947   0.996956 

0.00255174    74.3857    38.9841    36.3228   -27.6338   -98.5895    -48.204   -44.9707   -178.861   -55.0419     460.06   -14.7454   -1.06016   -89.6986     0.1123  -0.804898  0.0349743   0.729068   0.327445   0.802812   0.992319   0.370488    0.97669   0.927982   0.710612   0.886842   0.570611   0.999645   0.993844   0.999502     0.1123    0.99645    0.99998 

0.00287773   -74.4342    39.1246      43.38   -33.8178   -59.0036    -119.95   -44.5638    178.609   -123.533    351.167   -16.3731 -0.0598735   -90.3637  0.0951885   0.976065   0.444604   0.728731   0.325742   0.872429   0.988504    0.75644   0.858563   0.929263   0.711386   0.473068   0.741506    0.98968    0.99998   0.999275  0.0951885   0.994781   0.996753 
sample size: 63
0.00254502    74.9197    38.7782    36.0397   -28.6098   -98.8303    -48.366   -44.9523    179.465   -55.4242    459.079   -14.7604   -1.06848   -89.6946   0.112912   0.378255  0.0489979   0.725353   0.329938   0.799736   0.991768   0.367784   0.976533    0.92804   0.708757   0.885296   0.572297   0.999685   0.993747   0.999489   0.112912   0.999216   0.999961 
0.00255174    74.3853    38.9837    36.3233   -27.6358   -98.5906   -48.2071   -44.9696   -178.862   -55.0425    460.049   -14.7472   -1.06074   -89.6961   0.112299  -0.804478  0.0360805    0.72907   0.327449   0.802817   0.992318   0.370476   0.976687   0.927985    0.71061   0.886839    0.57063    0.99965   0.993837   0.999494   0.112299   0.996454   0.999979 
 0.0031167    -46.397    40.6459    31.6789    26.5706   -99.7286    44.0266    45.6449   -1.00618     -93.02    463.277   -15.2255   0.549035    -90.006    0.12246   0.719418   -0.64047    0.89148   0.307237   0.749737   0.992898   0.357669   0.980542   0.925834    0.99999   0.688228   0.565063   0.999721   0.998348          1    0.12246   0.997163    0.99327 
0.00286202   -73.8966    39.2932    43.3816   -32.9805   -60.0849   -119.808   -44.5696   -179.859   -122.728    355.594   -16.3996  -0.090023   -90.3484  0.0953926 -0.0990207   0.430533   0.732451   0.323697   0.872443   0.989066    0.74783   0.858892   0.929246   0.707542   0.479243   0.735254   0.989278   0.999956   0.999335  0.0953926   0.999946   0.996955 
0.00287773   -74.4334    39.1269    43.3826   -33.8126   -59.0092   -119.956   -44.5637     178.61   -123.531    351.114   -16.3706   -0.06026   -90.3631  0.0951841   0.975215   0.444712   0.728737   0.325713   0.872452   0.988508   0.756395   0.858551   0.929264   0.711382    0.47308   0.741581   0.989718    0.99998   0.999277  0.0951841    0.99479   0.996751 
0.00790295    52.3979    37.1259    43.8639     39.591   -75.6857     90.921    44.6145  -0.897448   -47.6522    389.509   -16.4217    1.22838   -90.3748  0.0954056   0.630294   0.389029   0.862296   0.349863    0.87669   0.984256   0.610176   0.917895   0.929105   0.999992   0.914776   0.685297   0.988938   0.991738    0.99923  0.0954056   0.997823   0.997513 
0.00249916    75.3011     38.625    35.8368   -29.2714   -98.9864   -48.4611   -44.9457   -181.686   -55.6782    458.407   -14.7698   -1.07163   -89.6959    0.11335    1.19116  0.0667407   0.722687   0.331792   0.797518   0.991383   0.366029   0.976442   0.928061   0.701885   0.884263   0.573449    0.99971    0.99371   0.999493    0.11335    0.99223   0.999927 
0.00286404    75.0233    37.4941    35.2974   -28.3824   -97.1058   -47.3976   -44.9477    179.498   -55.3008    454.079   -14.7546  -0.967248   -89.7369   0.114575   0.354682   0.053403    0.72463   0.345436   0.791571   0.991898    0.38708    0.97746   0.928055   0.708654   0.885796   0.580853    0.99967   0.994875   0.999621   0.114575    0.99931   0.999953 
0.00287203     74.504    37.7001    35.5768   -27.4138   -96.8589   -47.2493    -44.964   -178.837   -54.9316    455.049   -14.7412  -0.962893    -89.739   0.113969  -0.821657   0.041885   0.728246   0.342956   0.794661   0.992441   0.389828   0.977601   0.928003   0.710685   0.887286   0.579198   0.999633   0.994921   0.999626   0.113969   0.996301   0.999971 
0.00310104   -74.6361    38.0367    42.4547   -34.3048   -57.4728   -118.753   -44.5608    178.765   -123.616    346.115    -16.259 -0.0231528   -90.3777  0.0969128    0.86632   0.445893   0.727329   0.338898   0.864094   0.988172   0.768408   0.861307   0.929273   0.710906   0.472427   0.748565   0.991321   0.999997   0.999218  0.0969128   0.995888   0.996734 
0.00351283   -46.7494    39.3328     30.916    26.3257   -97.9829    42.9203    45.5983   -1.03118   -93.2053    458.278   -15.2221   0.470959    -89.976   0.124166    0.73671  -0.593622   0.889856   0.323217   0.740498   0.993028   0.377286   0.981505   0.925983    0.99999   0.687054   0.573672    0.99973   0.998784   0.999997   0.124166   0.997026   0.994217 
0.00308753   -74.1071    38.2084     42.434   -33.4453   -58.5244   -118.623   -44.5661   -179.709   -122.835    350.594   -16.2892 -0.0534821   -90.3631  0.0971975  -0.204335   0.434223   0.730997   0.336827   0.863905   0.988756   0.760215   0.861602   0.929256   0.708005   0.478427   0.742311     0.9909   0.999984   0.999277  0.0971975   0.999771   0.996902 
 0.0028724    74.4995     37.762    35.6059   -27.4246   -96.9385   -47.2909   -44.9646   -178.843   -54.9383    453.407   -14.7408  -0.966901   -89.7387   0.113904  -0.817917  0.0412655   0.728278    0.34221   0.794982   0.992435   0.388943   0.977561   0.928001   0.710669   0.887259   0.581997   0.999632   0.994878   0.999626   0.113904   0.996334   0.999972 
0.00862705    52.7055    35.9735    42.9926    39.8191   -74.1048    89.7794    44.6411  -0.869539   -47.5022    384.509   -16.3296    1.15944   -90.3413  0.0972275   0.610981   0.362244   0.860714   0.363668    0.86897   0.984074   0.625198   0.919917   0.929021   0.999993   0.915304   0.692885   0.990323   0.992638   0.999361  0.0972275   0.997954   0.997843 
0.00321403    74.5882    36.4003    34.8567   -27.2346   -95.1262   -46.3153   -44.9591   -178.818   -54.8524    450.049   -14.7376  -0.873307   -89.7764   0.115574  -0.835037  0.0469682   0.727662   0.358563   0.786655   0.992539   0.409022   0.978474   0.928018   0.710744   0.887605   0.587703   0.999623   0.995821   0.999726   0.115574   0.996179   0.999964 
0.00320471    75.1008    36.1837    34.5987   -28.2022   -95.3848   -46.4501   -44.9439    179.523   -55.2052    449.079   -14.7505  -0.880425   -89.7751   0.116135   0.336884  0.0570981   0.724088   0.361156   0.783754   0.992001   0.406169   0.978349   0.928067   0.708577   0.886182   0.589345   0.999659   0.995753   0.999723   0.116135   0.999378   0.999946 
0.00333072   -74.8045    36.9103    41.5927   -34.8434   -55.9734   -117.523   -44.5562    178.914   -123.681    341.115   -16.1491  0.0156712   -90.3947  0.0984462   0.762038   0.448975   0.726156   0.352451    0.85611   0.987798   0.779876   0.864097   0.929288    0.71045   0.471924   0.755468   0.992768   0.999999   0.999146  0.0984462   0.996818   0.996688 
0.00393858   -47.0131    37.9949    30.1921    26.1332   -96.2295    41.8757    45.5573    -1.0554   -93.3443    453.278   -15.2238   0.397712   -89.9502   0.125777   0.753485  -0.552483   0.888634   0.339403     0.7316    0.99313    0.39682   0.982392   0.926114   0.999989   0.686172   0.582218   0.999725   0.999133   0.999986   0.125777   0.996889   0.994989 
0.00321489    74.5869    36.4605    34.8881   -27.2451   -95.2076   -46.3572   -44.9594   -178.825   -54.8573    448.408   -14.7377  -0.877457   -89.7754   0.115504  -0.830298  0.0466203   0.727671   0.357843   0.787007   0.992534   0.408125   0.978435   0.928017   0.710723   0.887585    0.59048   0.999623   0.995781   0.999723   0.115504   0.996222   0.999964 
0.00331981   -74.2884    37.0867    41.5532   -33.9522   -56.9955   -117.417   -44.5645   -179.566   -122.924    345.594   -16.1802 -0.0156163   -90.3783  0.0988087  -0.304605   0.436279   0.729743   0.350334   0.855739   0.988413   0.772086   0.864337   0.929261   0.708445   0.477741   0.749287   0.992373   0.999999   0.999216  0.0988087   0.999491   0.996873 
0.00937965     52.955    34.7979     42.164    40.0901   -72.5552    88.6136    44.6661  -0.841497   -47.3845    379.509   -16.2434    1.09286   -90.3094  0.0989366    0.59154   0.336973   0.859424   0.377668   0.861425   0.983857     0.6397   0.921955   0.928942   0.999993   0.915717   0.700398   0.991535   0.993458   0.999475  0.0989366   0.998082   0.998134 
0.00357801    74.6404    35.0757    34.1781   -27.0961   -93.3991   -45.4042   -44.9537   -178.806   -54.8027    445.049   -14.7343  -0.792414   -89.8103   0.117079    -0.8434  0.0525458   0.727299   0.374367   0.778988   0.992615   0.427975    0.97931   0.928036    0.71078   0.887805   0.596143   0.999613   0.996559   0.999803   0.117079   0.996102   0.999955 
0.00356729    75.1427    34.8544    33.9313     -28.06   -93.6658   -45.5265   -44.9406    179.546   -55.1403    444.079   -14.7473  -0.797784   -89.8084   0.117618   0.321004  0.0603246   0.723795   0.376997    0.77617   0.992081    0.42506   0.979199   0.928077   0.708507   0.886445   0.597773    0.99965   0.996512   0.999799   0.117618   0.999435    0.99994 
 0.0043949   -47.1895    36.6343    29.5018    25.9911   -94.4685    40.8808    45.5204   -1.08227   -93.4366    448.278   -15.2283   0.329763   -89.9268   0.127306   0.772178  -0.515242   0.887813   0.355761   0.722997   0.993204   0.416261   0.983216   0.926233   0.999989   0.685586     0.5907   0.999714   0.999404   0.999971   0.127306   0.996732   0.995641 
0.00357938    74.6421    35.1359     34.211   -27.1034   -93.4803   -45.4442   -44.9552   -178.808   -54.8038    443.408   -14.7355  -0.796677    -89.808   0.117007  -0.842409  0.0509939   0.727287   0.373652   0.779362   0.992611   0.427087   0.979274   0.928031   0.710776     0.8878   0.598899   0.999616   0.996522   0.999798   0.117007   0.996111   0.999957 
0.00356626   -74.9422    35.7486    40.7972   -35.4206   -54.5129   -116.271    -44.553    179.064   -123.726    336.115   -16.0412  0.0567658   -90.4097  0.0997796   0.656519   0.450797   0.725196   0.366352   0.848556   0.987391     0.7908   0.866911   0.929297   0.709988    0.47158   0.762287   0.994061   0.999982    0.99908  0.0997796   0.997638   0.996662 
0.00355841   -74.4339    35.9345    40.7282   -34.5048   -55.5012   -116.181   -44.5628   -179.425   -122.991    340.594   -16.0738  0.0249392   -90.3943   0.100245  -0.403247   0.438627   0.728733   0.364133   0.847891   0.988034   0.783434   0.867114   0.929267   0.708878   0.477226   0.756181   0.993684   0.999997   0.999148   0.100245   0.999109   0.996839 
 0.0101598    53.1518    33.5939    41.3854    40.4043   -71.0378    87.4222    44.6886  -0.816759   -47.2953    374.509    -16.162    1.02975   -90.2807   0.100515   0.574379   0.314324   0.858403   0.391918   0.854158   0.983604   0.653685   0.924013   0.928872   0.999994    0.91603   0.707834   0.992605   0.994191   0.999568   0.100515   0.998192   0.998376 
0.00396425    74.6594    33.7271    33.5377   -26.9962   -91.6774   -44.5097   -44.9489   -178.794   -54.7814    440.049   -14.7358  -0.719333   -89.8406   0.118494   -0.85173  0.0574108   0.727166   0.390346   0.771642   0.992669   0.446683   0.980114   0.928051   0.710817    0.88789   0.604518   0.999617   0.997164   0.999861   0.118494   0.996025   0.999946 
0.00395206    75.1508    33.5021    33.3021   -27.9551   -91.9508   -44.6202    -44.937    179.567   -55.1041    439.079   -14.7453  -0.723371   -89.8393   0.119009   0.305818  0.0637976   0.723739      0.393   0.768915    0.99214   0.443725   0.980016   0.928088   0.708441   0.886591   0.606135   0.999644   0.997132   0.999858   0.119009   0.999487   0.999933 
0.00488283   -47.2854    35.2493    28.8486    25.8979      -92.7    39.9323    45.4887   -1.10673   -93.4865    443.278   -15.2364   0.269181   -89.9053   0.128747   0.789201  -0.483333   0.887365   0.372302   0.714751   0.993253   0.435594   0.983984   0.926334   0.999988   0.685269   0.599117   0.999694   0.999603   0.999951   0.128747   0.996587   0.996163 
0.00396616    74.6603     33.792    33.5634   -26.9997   -91.7557   -44.5496   -44.9503   -178.797   -54.7824    438.408    -14.734  -0.721751   -89.8393   0.118437  -0.850104  0.0560205    0.72716   0.389579    0.77194   0.992667   0.445836   0.980079   0.928046    0.71081   0.887886   0.607252   0.999612   0.997145   0.999858   0.118437    0.99604   0.999948 
0.00380708   -75.0508    34.5496    40.0672   -36.0444   -53.0864   -114.988   -44.5505    179.209   -123.754    331.115   -15.9362  0.0988008   -90.4278   0.100908   0.554977    0.45226   0.724438   0.380614   0.841467   0.986944   0.801232   0.869768   0.929305   0.709543   0.471367   0.769023   0.995198   0.999946   0.998996   0.100908   0.998312    0.99664 
0.00380279    -74.549    34.7423    39.9739   -35.1032   -54.0434   -114.914   -44.5604   -179.286    -123.04    335.594   -15.9733  0.0652507    -90.411   0.101468  -0.500684    0.44178   0.727934   0.378328   0.840551   0.987616   0.794259   0.869931   0.929274   0.709305   0.476851   0.762992    0.99481   0.999977   0.999074   0.101468   0.998626   0.996794 
 0.0109663    53.2913    32.3681    40.6443    40.7598   -69.5514    86.2009    44.7095  -0.791595   -47.2386    369.509   -16.0858   0.967751    -90.252   0.101989   0.556888   0.293234   0.857676   0.406329   0.847083   0.983315    0.66717   0.926095   0.928806   0.999994   0.916228   0.715192   0.993542   0.994869   0.999652   0.101989     0.9983   0.998586 
0.00437298    74.6451    32.3566    32.9313   -26.9322   -89.9588   -43.6292   -44.9457   -178.786   -54.7892    435.049   -14.7372   -0.65186    -89.869   0.119827  -0.857312  0.0607647   0.727266   0.406464   0.764592   0.992704   0.465163   0.980891   0.928061   0.710841   0.887859   0.612826   0.999621   0.997671   0.999906   0.119827   0.995973   0.999939 
0.00435928    75.1277    32.1261    32.7085   -27.8894   -90.2397   -43.7267   -44.9349    179.583   -55.0968    434.079   -14.7444  -0.656112   -89.8682   0.120315   0.294632  0.0658849   0.723901   0.409163   0.761978   0.992177   0.462157   0.980806   0.928095   0.708393    0.88662    0.61443   0.999642   0.997641   0.999905   0.120315   0.999524   0.999929 
0.00437546    74.6474    32.4226    32.9555   -26.9335   -90.0372   -43.6682   -44.9475   -178.787   -54.7886    433.408   -14.7361  -0.653314   -89.8678   0.119773  -0.856852  0.0589635    0.72725   0.405691   0.764876   0.992703   0.464326   0.980857   0.928055   0.710839   0.887861   0.615539   0.999618   0.997661   0.999904   0.119773   0.995977   0.999943 
0.00540353   -47.2999    33.8424    28.2262    25.8515   -90.9245    39.0194    45.4587   -1.13331   -93.4922    438.278   -15.2451   0.212648   -89.8836   0.130111   0.807737  -0.453079   0.887297   0.388984   0.706801   0.993277   0.454803   0.984706    0.92643   0.999988   0.685233   0.607469   0.999671   0.999752   0.999926   0.130111   0.996425   0.996628 
0.00405254   -75.1277    33.3104    39.4131   -36.7055   -51.7088   -113.682   -44.5466    179.356   -123.761    326.115   -15.8314   0.144247    -90.446   0.101809   0.452068   0.455216     0.7239    0.39526    0.83499   0.986462    0.81108   0.872645   0.929318   0.709092   0.471313   0.775675   0.996212   0.999886    0.99891   0.101809    0.99888   0.996596 
0.00405236   -74.6335     33.513    39.2904   -35.7356   -52.6299   -113.627   -44.5582   -179.148   -123.068    330.594   -15.8697    0.10759   -90.4279   0.102477  -0.597805   0.444983   0.727347   0.392871   0.833762   0.987166    0.80452   0.872765   0.929281   0.709731   0.476634   0.769719   0.995856   0.999937   0.998996   0.102477   0.998041   0.996747 
 0.0117982    53.3797    31.1129    39.9538    41.1545   -68.0982    84.9534    44.7292  -0.766961   -47.2109    364.509   -16.0137   0.908724   -90.2249   0.103327   0.539746   0.273336   0.857215   0.420982   0.840353   0.982991   0.680147   0.928193   0.928744   0.999994   0.916325   0.722472   0.994371   0.995476   0.999723   0.103327   0.998403   0.998772 
0.00480448    74.5951    30.9645    32.3579   -26.9017   -88.2435   -42.7618   -44.9436   -178.778   -54.8261    430.049   -14.7397  -0.588208   -89.8944   0.121079  -0.862866  0.0628917   0.727614   0.422708    0.75784    0.99272    0.48341   0.981641   0.928067   0.710866   0.887711   0.621068   0.999629   0.998104   0.999939   0.121079    0.99592   0.999935 
0.00478921    75.0686    30.7259    32.1485   -27.8616   -88.5351   -42.8479   -44.9322    179.595   -55.1207    429.079   -14.7478  -0.592402   -89.8939   0.121539   0.286388  0.0685505   0.724313   0.425478   0.755353   0.992192   0.480322   0.981567   0.928104   0.708357   0.886524   0.622659   0.999651   0.998076   0.999938   0.121539    0.99955   0.999923 
0.00595826   -47.2424    32.4053    27.6492     25.851   -89.1484    38.1463    45.4324   -1.15646   -93.4596    433.278   -15.2574   0.159966    -89.865   0.131369   0.823861  -0.426572   0.887566   0.405893   0.699351   0.993277    0.47381   0.985381   0.926514   0.999987    0.68544   0.615753   0.999637    0.99986     0.9999   0.131369   0.996281    0.99701 
 0.0043019   -75.1747    32.0298     38.835   -37.4067   -50.3783    -112.35   -44.5415    179.502   -123.749    321.115   -15.7283   0.192862   -90.4655    0.10248   0.349041   0.459545   0.723572   0.410289   0.829168   0.985941   0.820379   0.875549   0.929333    0.70864   0.471402   0.782241   0.997093   0.999796   0.998812    0.10248   0.999332   0.996531 
0.00480755    74.5987    31.0306    32.3821   -26.9023   -88.3222   -42.8015   -44.9439   -178.781   -54.8246    428.408   -14.7381  -0.590876   -89.8932   0.121027  -0.861317  0.0625885   0.727589   0.421939   0.758126    0.99272   0.482577   0.981607   0.928067   0.710859   0.887717   0.623758   0.999624   0.998086   0.999938   0.121027   0.995935   0.999936 
0.00430643   -74.6862    32.2418     38.683   -36.4108   -51.2645    -112.31   -44.5553   -179.008   -123.077    325.595   -15.7698   0.154533   -90.4482   0.103257  -0.695913   0.449041    0.72698   0.407809   0.827622   0.986678   0.814209   0.875636    0.92929   0.710161   0.476567   0.776362   0.996752   0.999869   0.998899   0.103257   0.997346   0.996687 
  0.012654    53.4119    29.8314    39.3056    41.5913   -66.6801    83.6696    44.7474  -0.745759   -47.2144    359.509   -15.9459   0.850509   -90.1979   0.104547   0.524994   0.255062   0.857047    0.43583   0.833914   0.982629   0.692607   0.930321   0.928687   0.999995   0.916312   0.729672   0.995098   0.996036   0.999785   0.104547   0.998489    0.99893 
0.00524211    74.9743    29.3058    31.6173   -27.8676   -86.8306   -41.9781   -44.9315    179.605   -55.1737    424.079   -14.7502  -0.532668   -89.9168   0.122692   0.278656  0.0692092   0.724972   0.441887   0.748997   0.992189   0.498283   0.982306   0.928106   0.708323    0.88631   0.630819   0.999658   0.998445   0.999962   0.122692   0.999574   0.999921 
0.00525898    74.5093    29.5485    31.8196   -26.9063   -86.5322   -41.9063   -44.9407   -178.775   -54.8928    425.049   -14.7414  -0.530527   -89.9178   0.122248  -0.865138  0.0658699    0.72821   0.439092   0.751426   0.992718   0.501406   0.982366   0.928077   0.710876   0.887442   0.629241   0.999633   0.998457   0.999963   0.122248   0.995899   0.999929 
0.00654842   -47.1048    30.9479    27.0974    25.8984   -87.3624    37.3003    45.4074   -1.17922   -93.3834    428.278   -15.2713   0.112212   -89.8466   0.132563   0.839712  -0.401354   0.888207   0.422901   0.692153   0.993253   0.492702   0.986021   0.926594   0.999987   0.685924   0.623971   0.999596   0.999931   0.999871   0.132563   0.996136   0.997353 
0.00526267    74.5147    29.6149    31.8437   -26.9052   -86.6115   -41.9444   -44.9413   -178.774   -54.8892    423.408   -14.7424  -0.533506   -89.9161   0.122196  -0.866169  0.0652315   0.728172   0.438327   0.751715   0.992719   0.500577   0.982334   0.928075    0.71088   0.887457   0.631909   0.999636    0.99844   0.999961   0.122196   0.995889    0.99993 
0.00455436   -75.1942    30.7078    38.3327   -38.1464   -49.0929   -110.989   -44.5369     179.65    -123.72    316.115   -15.6274   0.243367   -90.4881   0.102918   0.245503   0.463656   0.723435   0.425688   0.824034   0.985381    0.82916   0.878484   0.929348   0.708186   0.471627   0.788722   0.997842   0.999675   0.998694   0.102918    0.99967   0.996469 
0.00456425   -74.7082    30.9315    38.1477   -37.1246   -49.9449   -110.966    -44.551   -178.869   -123.066    320.595   -15.6702   0.204751   -90.4687   0.103813  -0.793736   0.454593   0.726827   0.423091   0.822126   0.986152   0.823362   0.878532   0.929304   0.710589   0.476651   0.782919   0.997538    0.99977   0.998796   0.103813   0.996548   0.996605 
 0.0135324    53.3911    28.5233    38.7013    42.0655   -65.2951    82.3557    44.7645  -0.725234   -47.2485    354.509   -15.8806   0.793677    -90.173   0.105641   0.510699   0.237791   0.857156   0.450865   0.827807   0.982232   0.704581   0.932468   0.928633   0.999995   0.916193   0.736793   0.995752   0.996548   0.999836   0.105641    0.99857    0.99907 
0.00552724    77.0529    29.0777    32.3271     -27.87   -84.2738   -44.9235   -45.1308    174.605   -54.0105    419.079    -14.766  -0.545873   -89.9145    0.12111   -1.86114  0.0102626   0.710303   0.444508   0.757475   0.992188   0.524827   0.979744   0.927474   0.723553   0.890965   0.638909     0.9997   0.998367    0.99996    0.12111   0.981067   0.999998 
0.00516515    76.5169    29.3292    32.5119   -26.8902   -83.9843   -44.8998   -45.0688   -183.775   -53.7712    420.049   -14.7581   -0.54421    -89.915   0.120704   -3.00968 -0.00909587   0.714116   0.441617   0.759661   0.992727   0.527801   0.979765   0.927671   0.695364   0.891911   0.637345   0.999679   0.998377    0.99996   0.120704   0.950743   0.999999 
0.00682552   -44.3483    31.0539    27.1418    23.3966   -86.7284    35.5615    45.6389   -6.17922    -92.504    423.278   -15.2819  0.0911035   -89.8467   0.132464   -1.26116  -0.448383   0.900694   0.421669   0.692735   0.994492   0.499354   0.987291   0.925853   0.999637   0.691488    0.63212   0.999564   0.999954   0.999871   0.132464   0.991292   0.996697 
0.00445497   -77.0965    30.8415    38.4136   -33.4794   -47.1161   -118.648   -44.7331     174.65   -124.372    311.115    -15.567   0.247227   -90.5109   0.102994    -1.9244    0.40434   0.709992   0.424137   0.824865   0.988733   0.842275   0.861546   0.928732   0.723419   0.466605   0.795116   0.998238   0.999665   0.998569   0.102994   0.979763   0.997313 
0.00516883    76.5236     29.393    32.5406   -26.8877   -84.0647   -44.9381   -45.0695   -183.774   -53.7666    418.408   -14.7589  -0.548245   -89.9131   0.120643   -3.01067 -0.00981585   0.714069   0.440883       0.76   0.992728   0.526976   0.979731   0.927669   0.695368   0.891929    0.63999   0.999681   0.998352   0.999959   0.120643   0.950711   0.999998 
0.00417453   -76.5474    31.0762    38.2025   -32.5933   -48.0365   -118.491   -44.6825   -183.869   -123.698    315.595   -15.6213   0.212438   -90.4924   0.103951   -2.96757   0.381054     0.7139   0.421409   0.822692    0.98932   0.836229   0.861904   0.928891   0.695071   0.471796   0.789391   0.997884   0.999753   0.998671   0.103951     0.9521   0.997614 
 0.0042192    79.3288    29.9513     33.965   -25.6504    -80.379   -50.3302   -45.9654    169.605     -51.55    414.079   -14.7752  -0.595753   -89.8952   0.117466   -7.45491  -0.496463   0.693881   0.434446   0.776555   0.993381    0.56429   0.974597   0.924801   0.738439   0.900509    0.64693   0.999723   0.998055    0.99994   0.117466   0.710438   0.995952 
 0.0033955    78.7784    30.1651    34.1386   -24.6338   -80.0675   -50.3151   -45.8527   -188.775   -51.3119    415.049   -14.7626  -0.595307   -89.8953   0.117086   -8.62125    -0.5685   0.697887   0.431976   0.778538   0.993895   0.567393   0.974612   0.925165   0.679521    0.90141    0.64538   0.999691   0.998057    0.99994   0.117086   0.619403   0.994695 
0.00305143   -78.9089    32.6434    38.1687   -23.3417   -47.9789    -131.88    -45.588     169.65   -123.792    306.115   -15.7557   0.165028   -90.5054   0.105872   -7.54902  -0.126357   0.696939   0.403101   0.822343   0.994518    0.83661   0.829896   0.926016   0.738308   0.471071   0.801423    0.99687   0.999851     0.9986   0.105872   0.703467   0.999737 
 0.0131931    51.0023    28.8688    38.3744    39.2325   -68.0566    79.2566    44.9416   -5.72523   -48.6956    349.509   -15.8135   0.897117   -90.2337   0.106837    -1.6436   0.218198   0.869372   0.446907   0.824463   0.984539   0.680515   0.937402   0.928074   0.999688    0.91106   0.743833   0.996374    0.99559     0.9997   0.106837   0.985224   0.999217 
0.00339759    78.7823     30.231    34.1612   -24.6304   -80.1459   -50.3482   -45.8543   -188.774   -51.3099    413.408   -14.7643   -0.59873   -89.8935   0.117038   -8.62204   -0.57021   0.697859   0.431214   0.778795   0.993897   0.566613   0.974579    0.92516   0.679525   0.901418   0.648002   0.999695   0.998035   0.999938   0.117038   0.619337   0.994663 
 0.0051797   -43.2664    32.1702    28.4954    18.4625    -85.571    34.5182    46.4562   -11.1792   -93.3408    418.278   -15.2307   0.108355   -89.8653   0.129513    -6.8126   -0.88565   0.905403   0.408647   0.710251   0.996569   0.511422   0.988024   0.923208   0.998811   0.686195   0.640199   0.999708   0.999936   0.999901   0.129513   0.756133   0.987162 
0.00248028   -78.3559    32.8132    38.0308   -22.6538   -48.9736   -131.521   -45.4861   -188.869   -123.115    310.595   -15.7949   0.144074   -90.4942   0.106477   -8.60927  -0.191826   0.700947   0.401107   0.820915   0.994836   0.829965   0.830794   0.926342   0.679222   0.476278   0.795776   0.996537   0.999886   0.998661   0.106477   0.620387   0.999395 
 0.0016541    82.7444    30.1673    35.2288   -24.0345   -75.5889   -54.3974   -48.6323    164.605   -48.5153    409.079    -14.761  -0.619891   -89.8788     0.1146   -12.1551   -2.65465   0.668545    0.43195   0.790809   0.994188   0.611102   0.970347    0.91595   0.752974   0.911707    0.65488   0.999687   0.997894   0.999919     0.1146   0.293534   0.889189 
0.000857479    83.3083    30.1607    35.4077   -23.5793   -74.6888   -53.3196   -49.4382   -193.775   -47.7338    410.049   -14.7316  -0.610055   -89.8789   0.114189   -13.1338   -3.77107   0.664284   0.432027   0.792793   0.994406   0.619675   0.971505   0.913183   0.663354   0.914488   0.653343   0.999605    0.99796    0.99992   0.114189   0.194187   0.786415 
  0.001039   -82.1083    33.3109    37.6803   -13.2655   -47.9244   -144.955   -48.3411     164.65   -123.737    311.115   -15.8751   0.203306    -90.561   0.108526   -12.2628   -2.37576   0.673325   0.395253   0.817265   0.998228    0.83697   0.795746    0.91694   0.752846   0.471497   0.795116   0.995804   0.999773   0.998275   0.108526   0.282726   0.910449 
0.00085769    83.3127    30.2246    35.4323   -23.5736   -74.7682   -53.3491   -49.4413   -193.774   -47.7318    408.408   -14.7336  -0.612681   -89.8793   0.114138   -13.1341   -3.77442   0.664251   0.431287   0.793065   0.994409   0.618922   0.971473   0.913172   0.663359   0.914495   0.655942   0.999611   0.997942    0.99992   0.114138   0.194156   0.786069 
0.000557204   -82.6447     33.282    37.5604    -11.713   -48.0185   -145.314   -49.1258   -193.869   -123.498    315.564    -15.897   0.197923   -90.5599   0.108979   -13.1422    -3.4423   0.669296   0.395593   0.816008   0.998619   0.836348   0.794771   0.914261    0.66305   0.473337    0.78943   0.995592   0.999785   0.998282   0.108979   0.193326   0.819313 
0.00225406    -39.924    32.7308     29.325    13.7315    -84.269     34.564    48.7786   -16.1792   -93.2242    413.278   -15.1966   0.101838   -89.8641   0.127704   -11.5478   -2.63941   0.919261   0.402076   0.720775   0.998102   0.524876   0.987993   0.915451   0.997509   0.686934   0.648209   0.999788   0.999943   0.999899   0.127704   0.353688   0.890401 
0.00902741    49.3732    30.5745    38.4668    32.4383   -71.1936     78.992    45.7388   -10.7252   -50.7235    344.509    -15.778     1.0057   -90.2864    0.10714   -7.25917  -0.230953   0.877411   0.427235   0.825411   0.989422   0.652259   0.937815   0.925532   0.998905   0.903621    0.75079   0.996683   0.994459    0.99955    0.10714   0.724713   0.999123 
0.000108578   -30.0533    32.6946    28.8835    9.46457   -83.1653    38.0085    53.7786   -21.1792   -90.2609    408.285   -15.2579  0.0576707   -89.8165   0.128671   -14.6903   -6.79676   0.953978     0.4025   0.715194   0.999098   0.536181   0.985486   0.897547   0.995733   0.705495   0.656135   0.999635   0.999982   0.999815   0.128671  0.0324237   0.434171 
0.00329158    45.5191     31.297    38.0709    26.4207   -74.7255    76.7554    48.3053   -15.7252   -53.9084    349.509   -15.6515    1.08313   -90.3253   0.108303   -12.0016    -2.2657   0.895475    0.41884   0.821331   0.992978   0.619327   0.941252   0.917061   0.997647   0.891369   0.743832   0.997674   0.993574    0.99942   0.108303   0.308856   0.918287 
         0    84.5725    37.6703    17.2227   -29.7963   -61.7362   -48.6435   -53.4185   -198.766   -48.4795    414.978   -19.6039   -1.31656   -88.9099   0.151844   -16.6298   -7.18608   0.654654   0.343314   0.552322   0.991072   0.734436   0.976265   0.898891   0.646903   0.911835   0.645492   0.886016   0.990511   0.993491   0.151844          0   0.388962 
state illegal
         0    79.8813    42.4162    13.8339   -19.4278   -53.7562   -57.3381   -51.6973    168.026   -47.1526     409.39   -13.1455   -2.18647   -86.3868   0.159006   -22.2881    -7.2957   0.689838   0.285557   0.500009   0.996201   0.796363   0.967072   0.905198   0.743068   0.916528   0.654387   0.981202   0.973901   0.929267   0.159006          0   0.376479 
         0    -80.419    31.9886    43.8444   0.130789   -61.8534   -155.517    -45.979    168.212   -118.775    313.111    -14.513   -4.58945   -87.3019  0.0957988   -23.9476   -1.34305   0.685883   0.410771    0.87652          1   0.733474   0.766156   0.924758   0.742527   0.509232   0.792573     0.9987   0.886715    0.96035  0.0957988          0   0.970669 
state illegal
state illegal
         0     73.085    42.0184    15.5448   -17.2533   -61.4184   -64.4262   -46.3916   -188.977   -50.6334    408.686   -18.9355    1.00713   -84.8813   0.156677   -25.8248    -2.3054   0.738026   0.290443    0.52667   0.997004   0.737037   0.958488   0.923419   0.678875   0.903958   0.655501   0.916272   0.994444   0.859743   0.156677          0   0.915497 
state illegal
         0   -83.9222    25.5664    52.5434   -8.46777   -57.2494   -147.411   -49.0793   -196.863   -124.118    314.513   -19.8338  -0.669333   -95.4086  0.0764394   -19.4843   -3.41082   0.659621   0.484377   0.941332   0.999278   0.770133   0.789022    0.91442   0.653212   0.468564   0.790779   0.874597   0.997545   0.843844  0.0764394          0   0.822358 
state illegal
         0   -12.8739    54.7965   -7.17238      3.534   -53.6887    52.7247     50.766   -17.1295   -85.2997    409.355   -10.6638    1.75754   -92.8134   0.203773   -26.6279   -6.29769   0.991501   0.130465   0.141667   0.999874   0.796856   0.972134    0.90853   0.997208   0.735508   0.654443   0.898662   0.983111   0.956914   0.203773          0   0.493607 
state illegal
         0    49.6469    33.3719    36.1945     18.553   -72.5025    86.0173    48.2091   -10.7372   -54.9059    349.687    -19.787    1.04769   -90.5234   0.112496   -24.1394   -3.91792   0.876078   0.394535    0.80142   0.996535   0.640189   0.926406   0.917386   0.998903    0.88739   0.743583    0.87696   0.993987   0.998499   0.112496          0   0.771114 
state illegal
tries 0 recommend: -1
tries 1 recommend: -1
tries 2 recommend: -1
tries 3 recommend: -1
tries 4 recommend: -1
tries 5 recommend: -1
tries 6 recommend: -1
can't finish
