 0.0472168     45.374    33.8338    45.0463    37.3934   -94.0991    62.3042    43.4592    86.0049   -22.5008    432.719   -15.2921    1.92349   -90.7934   0.771534    2.74681    91.6104   0.896129   0.389086   0.886816   0.985951   0.420315    0.96116   0.932687   0.982448   0.980784   0.616675   0.999532   0.979782   0.996551   0.771534   0.958915   0.958042 
 0.0473653    45.9442    33.8516    45.0779    37.5292   -93.9298    62.6711    43.4716     85.975   -22.3694    431.794    -15.317    1.91075   -90.7854   0.771201    2.76799    91.5991    0.89355   0.388875   0.887082   0.985849   0.422171   0.960704   0.932649   0.982461   0.981007   0.618199   0.999449   0.980048   0.996619   0.771201   0.958283   0.958622 
 0.0475087    46.5096    33.8702    45.1082    37.6625   -93.7592    63.0363    43.4842    85.9463   -22.2408    430.905   -15.3417    1.89794   -90.7775   0.770879    2.78836    91.5874   0.890962   0.388656   0.887336   0.985749   0.424038   0.960248   0.932611   0.982472   0.981224    0.61966    0.99936   0.980314   0.996688   0.770879   0.957671   0.959211 
 0.0476471    47.0738      33.89    45.1406    37.7935   -93.5883    63.4038    43.4964    85.9195   -22.1134    430.008   -15.3658    1.88512   -90.7697   0.770516    2.80742    91.5762   0.888352   0.388421   0.887607    0.98565   0.425907   0.959786   0.932573   0.982483   0.981438   0.621135   0.999266   0.980578   0.996754   0.770516   0.957095   0.959778 
 0.0477805    47.6353      33.91    45.1746    37.9229   -93.4172    63.7714    43.5085    85.8942   -21.9877    429.122   -15.3904    1.87258   -90.7617   0.770124    2.82541     91.565   0.885724   0.388186   0.887891   0.985551   0.427777   0.959322   0.932536   0.982493   0.981648   0.622588   0.999164   0.980835    0.99682   0.770124   0.956547   0.960336 
 0.0479091    48.1918    33.9294    45.2095    38.0499   -93.2456    64.1371    43.5204    85.8692   -21.8649    428.253   -15.4141    1.86033    -90.754   0.769713     2.8432     91.554   0.883092   0.387957   0.888182   0.985455    0.42965   0.958857     0.9325   0.982504   0.981852   0.624011    0.99906   0.981084   0.996885   0.769713   0.956002   0.960883 
  0.048033    48.7462    33.9508     45.244    38.1743   -93.0732    64.5041    43.5319    85.8462   -21.7437    427.389   -15.4374    1.84752   -90.7463   0.769295    2.85965    91.5433   0.880442   0.387704    0.88847    0.98536    0.43153   0.958389   0.932464   0.982513   0.982051   0.625424   0.998951   0.981343   0.996948   0.769295   0.955495   0.961413 
 0.0481522     49.296    33.9712    45.2801    38.2968   -92.9008     64.869    43.5433    85.8236   -21.6252    426.539   -15.4605    1.83504   -90.7384    0.76885    2.87582    91.5328   0.877787   0.387462   0.888771   0.985266   0.433408    0.95792    0.93243   0.982522   0.982246   0.626813   0.998837   0.981593   0.997012    0.76885   0.954995   0.961928 
 0.0482668    49.8452    33.9937     45.317    38.4168   -92.7275    65.2367    43.5545    85.8034   -21.5077    425.689   -15.4835    1.82272   -90.7304   0.768379    2.89026    91.5223   0.875107   0.387196   0.889078   0.985173   0.435295   0.957445   0.932395    0.98253   0.982438   0.628198   0.998719   0.981839   0.997076   0.768379   0.954545   0.962443 
 0.0483769    50.3901    34.0142    45.3556    38.5355   -92.5536    65.6027    43.5655    85.7837   -21.3926    424.868   -15.5068    1.81036   -90.7229   0.767883    2.90444    91.5121   0.872421   0.386954   0.889398   0.985082   0.437185   0.956969   0.932362   0.982538   0.982625   0.629536   0.998592   0.982083   0.997136   0.767883   0.954101   0.962938 
 0.0484825    50.9305    34.0369    45.3929    38.6508   -92.3793     65.968    43.5765    85.7648   -21.2805    424.048   -15.5287     1.7979   -90.7153   0.767392      2.918    91.5018   0.869731   0.386685   0.889707   0.984993   0.439079   0.956492   0.932328   0.982546   0.982806   0.630868   0.998468   0.982328   0.997196   0.767392   0.953675   0.963433 
 0.0485838    51.4678     34.059    45.4319    38.7646   -92.2053    66.3331    43.5873    85.7472   -21.1705    423.241   -15.5514    1.78543   -90.7073   0.766869     2.9307    91.4915   0.867031   0.386424   0.890031   0.984904   0.440967   0.956013   0.932294   0.982553   0.982983   0.632179   0.998334   0.982572   0.997258   0.766869   0.953274   0.963922 
 0.0486808    52.0027    34.0815    45.4725    38.8758   -92.0306    66.6991    43.5977    85.7306   -21.0622    422.433    -15.573    1.77292      -90.7   0.766316    2.94272    91.4818   0.864318   0.386157   0.890367   0.984818    0.44286    0.95553   0.932263    0.98256   0.983156    0.63349     0.9982   0.982815   0.997315   0.766316   0.952893   0.964387 
 0.0487735    52.5323    34.1043    45.5111     38.985   -91.8546    67.0621    43.6081    85.7145    -20.957    421.655   -15.5947    1.76054   -90.6925   0.765782    2.95438     91.472   0.861606   0.385888   0.890686   0.984733   0.444766   0.955048   0.932231   0.982566   0.983323    0.63475   0.998062   0.983053   0.997372   0.765782   0.952522   0.964849 
 0.0488621    53.0601    34.1273    45.5525     39.092    -91.679    67.4263    43.6182    85.6997   -20.8533    420.869   -15.6161    1.74832   -90.6846   0.765201    2.96509    91.4624   0.858879   0.385616   0.891027   0.984649   0.446665   0.954562     0.9322   0.982572   0.983487   0.636021   0.997919   0.983287   0.997431   0.765201    0.95218   0.965297 
 0.0489467    53.5829    34.1508    45.5935    39.1962   -91.5033    67.7897    43.6287    85.6855   -20.7529    420.099   -15.6367    1.73617   -90.6771   0.764615    2.97545    91.4525   0.856153   0.385338   0.891365   0.984567   0.448563   0.954075   0.932167   0.982578   0.983646   0.637264   0.997778   0.983518   0.997488   0.764615   0.951848   0.965763 
 0.0490271    54.1027    34.1743    45.6352    39.2988   -91.3273    68.1531    43.6388    85.6723   -20.6545    419.335   -15.6578    1.72363   -90.6697    0.76401    2.98511    91.4429   0.853419    0.38506   0.891708   0.984487   0.450463   0.953585   0.932136   0.982584     0.9838   0.638497   0.997629   0.983754   0.997542    0.76401   0.951537   0.966205 
 0.0491037    54.6206    34.1978    45.6781    39.3989   -91.1504    68.5163    43.6485    85.6604   -20.5577    418.585   -15.6784    1.71127   -90.6617   0.763381    2.99384    91.4337   0.850672   0.384782    0.89206   0.984408   0.452371   0.953093   0.932106   0.982588   0.983951   0.639704   0.997478   0.983986     0.9976   0.763381   0.951256   0.966632 
 0.0491763     55.132    34.2217    45.7199    39.4969   -90.9736    68.8769    43.6581     85.648   -20.4645    417.838   -15.6983    1.69885   -90.6545   0.762759    3.00294    91.4245   0.847936   0.384499   0.892403    0.98433   0.454275   0.952602   0.932077   0.982593   0.984096   0.640907   0.997328   0.984217   0.997652   0.762759   0.950961   0.967052 
 0.0492451     55.641    34.2455    45.7631    39.5931   -90.7968    69.2381     43.668    85.6371   -20.3734    417.103   -15.7189    1.68671   -90.6467   0.762108    3.01098     91.415    0.84519   0.384217   0.892756   0.984254   0.456177   0.952108   0.932046   0.982598   0.984237   0.642088   0.997168   0.984441   0.997707   0.762108   0.950701   0.967482 
 0.0493101    56.1479    34.2705    45.8059    39.6865   -90.6186    69.5999    43.6772    85.6273   -20.2839    416.368   -15.7384    1.67423   -90.6394    0.76145    3.01824    91.4062   0.842433   0.383921   0.893107    0.98418   0.458092    0.95161   0.932018   0.982602   0.984375   0.643266   0.997012    0.98467   0.997759    0.76145   0.950465    0.96788 
 0.0493713    56.6501    34.2948    45.8497     39.778   -90.4408      69.96    43.6866    85.6177   -20.1974    415.649   -15.7579    1.66212   -90.6318   0.760773    3.02537    91.3971    0.83968   0.383634   0.893464   0.984107       0.46   0.951112   0.931989   0.982606   0.984507   0.644419   0.996852    0.98489   0.997812   0.760773   0.950232   0.968289 
 0.0494289    57.1497    34.3189    45.8944    39.8673   -90.2624    70.3206    43.6959    85.6091   -20.1129    414.942   -15.7771    1.64979   -90.6246   0.760075    3.03183    91.3882    0.83692   0.383348   0.893828   0.984036   0.461914   0.950611   0.931961   0.982609   0.984636   0.645551   0.996691   0.985113   0.997862   0.760075   0.950021   0.968688 
 0.0494829    57.6443    34.3435    45.9379    39.9547   -90.0842    70.6792    43.7051    85.6008   -20.0315    414.243   -15.7965    1.63697   -90.6169   0.759385    3.03806    91.3794   0.834166   0.383057   0.894182   0.983966   0.463822    0.95011   0.931932   0.982612    0.98476   0.646667   0.996523   0.985343   0.997914   0.759385   0.949817   0.969082 
 0.0495334    58.1367    34.3683    45.9833    40.0396   -89.9057    71.0385    43.7142    85.5934    -19.952    413.541   -15.8151    1.62487   -90.6093   0.758658    3.04366    91.3706   0.831404   0.382763   0.894551   0.983898   0.465732   0.949606   0.931904   0.982615    0.98488   0.647788   0.996359   0.985558   0.997965   0.758658   0.949634   0.969471 
 0.0495803    58.6244    34.3934    46.0268     40.123   -89.7264    71.3957    43.7231    85.5862   -19.8754    412.855   -15.8341    1.61253   -90.6021    0.75795     3.0491    91.3619   0.828647   0.382465   0.894904   0.983831   0.467648   0.949102   0.931877   0.982618   0.984996   0.648882   0.996187   0.985776   0.998013    0.75795   0.949455    0.96985 
 0.0496237    59.1097    34.4184    46.0724    40.2032   -89.5471    71.7541    43.7322    85.5801   -19.8009     412.18   -15.8519    1.60027   -90.5946   0.757203    3.05387     91.353   0.825884    0.38217   0.895273   0.983766   0.469561   0.948594   0.931849   0.982621   0.985108   0.649958   0.996024   0.985991   0.998062   0.757203   0.949298   0.970239 
 0.0496638      59.59    34.4425     46.118    40.2828    -89.368    72.1099    43.7412    85.5736   -19.7293    411.508   -15.8704     1.5883   -90.5876   0.756449    3.05885    91.3443    0.82313   0.381883   0.895642   0.983702   0.471471   0.948088   0.931821   0.982623   0.985215   0.651026   0.995849     0.9862   0.998107   0.756449   0.949134   0.970615 
 0.0497005    60.0681    34.4681    46.1626     40.359   -89.1878    72.4659    43.7498    85.5683   -19.6598    410.849   -15.8879    1.57588   -90.5799   0.755699    3.06295    91.3358   0.820369    0.38158   0.896002   0.983641   0.473391   0.947579   0.931794   0.982626   0.985319   0.652074   0.995681   0.986414   0.998157   0.755699   0.948999   0.970979 
 0.0497338    60.5427    34.4935    46.2071    40.4342   -89.0071    72.8211    43.7583    85.5636   -19.5925    410.193   -15.9061    1.56348   -90.5727   0.754942    3.06669    91.3276   0.817609   0.381279    0.89636    0.98358   0.475312   0.947068   0.931769   0.982628   0.985419   0.653114   0.995501   0.986627   0.998202   0.754942   0.948875   0.971332 
 0.0497639    61.0138    34.5189    46.2535    40.5065   -88.8275    73.1767    43.7669    85.5593   -19.5279    409.535   -15.9233    1.55118    -90.565   0.754149    3.07012    91.3191   0.814851   0.380978   0.896733   0.983521   0.477221   0.946554   0.931742   0.982629   0.985515   0.654158   0.995329   0.986836    0.99825   0.754149   0.948762   0.971694 
 0.0497908    61.4807    34.5435    46.2991    40.5771    -88.647    73.5302    43.7755     85.555    -19.466    408.902   -15.9405    1.53876   -90.5579   0.753361    3.07362    91.3108   0.812099   0.380686     0.8971   0.983464   0.479136   0.946041   0.931715   0.982631   0.985606   0.655159   0.995154   0.987045   0.998294   0.753361   0.948646   0.972048 
 0.0498145    61.9475     34.569    46.3463    40.6459   -88.4657    73.8864    43.7836    85.5526    -19.405    408.259   -15.9581    1.52653   -90.5506   0.752538    3.07568    91.3027    0.80933   0.380384   0.897478   0.983408   0.481058   0.945522    0.93169   0.982632   0.985696   0.656176   0.994971    0.98725   0.998338   0.752538   0.948578   0.972386 
 0.0498351    62.4067    34.5951    46.3903     40.712   -88.2849    74.2383    43.7924    85.5492   -19.3487    407.638   -15.9744    1.51403    -90.543   0.751753    3.07853    91.2941   0.806588   0.380074    0.89783   0.983354   0.482972   0.945007   0.931663   0.982633   0.985779   0.657157   0.994798   0.987458   0.998384   0.751753   0.948483   0.972747 
 0.0498526    62.8646    34.6196    46.4371    40.7769   -88.1034    74.5904    43.8004    85.5465   -19.2934    407.022   -15.9913    1.50189   -90.5356   0.750923    3.08085    91.2861   0.803836   0.379783   0.898204   0.983301   0.484891   0.944489   0.931638   0.982634    0.98586    0.65813   0.994617   0.987657   0.998427   0.750923   0.948406   0.973078 
  0.049867    63.3203    34.6459    46.4836    40.8391   -87.9218    74.9442    43.8086    85.5453   -19.2405    406.399   -16.0077    1.48948    -90.528   0.750083    3.08219     91.278    0.80108   0.379472   0.898575    0.98325   0.486809   0.943966   0.931613   0.982635   0.985937    0.65911   0.994437    0.98786   0.998472   0.750083   0.948362   0.973414 
 0.0498785    63.7713     34.671    46.5304    40.8995   -87.7405    75.2963    43.8169    85.5434   -19.1904    405.793   -16.0237    1.47695   -90.5209   0.749234    3.08391    91.2698   0.798336   0.379174   0.898948   0.983201   0.488722   0.943443   0.931588   0.982636    0.98601   0.660065   0.994259   0.988063   0.998513   0.749234   0.948305   0.973749 
  0.049887     64.219    34.6963    46.5765    40.9579   -87.5585    75.6469    43.8249    85.5421   -19.1428    405.197   -16.0395    1.46441   -90.5133   0.748387    3.08531    91.2618   0.795596   0.378873   0.899314   0.983153   0.490639    0.94292   0.931563   0.982636   0.986079   0.661002   0.994081   0.988264   0.998556   0.748387   0.948258   0.974075 
 0.0498925    64.6635    34.7225    46.6221    41.0148   -87.3765    75.9978     43.833    85.5413   -19.0976    404.598   -16.0558    1.45193   -90.5061   0.747535    3.08626    91.2537   0.792859   0.378563   0.899676   0.983106   0.492554   0.942395   0.931538   0.982637   0.986145   0.661944   0.993894   0.988463   0.998596   0.747535   0.948226   0.974404 
 0.0498952    65.1054    34.7476    46.6687    41.0697   -87.1937    76.3476    43.8408    85.5409   -19.0544    404.012   -16.0716    1.43977   -90.4986   0.746662    3.08702    91.2459   0.790122   0.378265   0.900045   0.983061   0.494475   0.941869   0.931514   0.982637   0.986207   0.662862   0.993711   0.988655   0.998637   0.746662   0.948201   0.974717 
  0.049895    65.5439    34.7733     46.716     41.122   -87.0118    76.6986    43.8491    85.5411    -19.014    403.428   -16.0868    1.42722   -90.4912   0.745772    3.08735    91.2377    0.78739    0.37796   0.900419   0.983018   0.496384   0.941338   0.931488   0.982637   0.986265   0.663778    0.99353   0.988852   0.998677   0.745772    0.94819   0.975048 
  0.049892      65.98    34.7984    46.7627    41.1729   -86.8283    77.0482    43.8568    85.5416   -18.9754     402.86   -16.1022    1.41486    -90.484    0.74488    3.08743      91.23   0.784658   0.377662   0.900788   0.982976   0.498307   0.940807   0.931464   0.982636   0.986321   0.664667   0.993347   0.989044   0.998716    0.74488   0.948187   0.975355 
 0.0498862    66.4121    34.8237    46.8095    41.2215   -86.6454    77.3973    43.8648    85.5422   -18.9397    402.295    -16.117    1.40244   -90.4768   0.743981    3.08744    91.2219   0.781935   0.377361   0.901156   0.982936   0.500222   0.940275    0.93144   0.982636   0.986372   0.665551   0.993167   0.989235   0.998754   0.743981   0.948187   0.975672 
 0.0498777    66.8415    34.8494    46.8556    41.2683    -86.462    77.7457    43.8724    85.5434   -18.9062    401.736   -16.1318    1.38967   -90.4692    0.74308    3.08707    91.2143   0.779215   0.377057   0.901519   0.982897   0.502141   0.939742   0.931416   0.982636    0.98642   0.666425   0.992984    0.98943   0.998793    0.74308   0.948199   0.975972 
 0.0498665    67.2677    34.8752    46.9019    41.3131   -86.2784    78.0942    43.8802    85.5448   -18.8751    401.179   -16.1463    1.37726    -90.462   0.742169    3.08651    91.2065   0.776501    0.37675   0.901882    0.98286   0.504058   0.939206   0.931392   0.982635   0.986465   0.667294   0.992804   0.989617    0.99883   0.742169   0.948218   0.976279 
 0.0498527    67.6912    34.9012    46.9483     41.356   -86.0947    78.4425    43.8878    85.5468   -18.8464    400.625   -16.1608    1.36467   -90.4545   0.741247    3.08554    91.1987    0.77379   0.376441   0.902246   0.982825   0.505974   0.938668   0.931369   0.982634   0.986506   0.668158    0.99262   0.989806   0.998867   0.741247    0.94825    0.97658 
 0.0498362    68.1119    34.9267    46.9957    41.3969   -85.9112     78.791    43.8955    85.5493   -18.8199    400.077   -16.1751    1.35192   -90.4468   0.740304    3.08423     91.191   0.771082   0.376138   0.902617   0.982791   0.507885   0.938128   0.931345   0.982633   0.986544   0.669011   0.992438   0.989995   0.998906   0.740304   0.948294   0.976878 
 0.0498172    68.5285    34.9519     47.042    41.4367   -85.7268    79.1369    43.9031    85.5512    -18.796    399.539   -16.1893    1.34007   -90.4398   0.739368    3.08337    91.1833   0.768387   0.375839   0.902978   0.982758   0.509802   0.937589   0.931321   0.982633   0.986578   0.669848   0.992254    0.99017    0.99894   0.739368   0.948323   0.977175 
 0.0497955    68.9438    34.9773    47.0889    41.4736   -85.5421    79.4845    43.9104    85.5544   -18.7739     399.01   -16.2032    1.32723   -90.4322   0.738416    3.08153    91.1759   0.765686   0.375537   0.903344   0.982727   0.511721   0.937045   0.931299   0.982631   0.986609    0.67067   0.992073   0.990357   0.998976   0.738416   0.948383   0.977457 
 0.0497714     69.355     35.003    47.1361    41.5092   -85.3583    79.8315    43.9181    85.5575   -18.7547    398.471    -16.217    1.31508   -90.4249   0.737449    3.07984     91.168      0.763   0.375231   0.903711   0.982698   0.513628     0.9365   0.931275    0.98263   0.986637   0.671508    0.99189   0.990532    0.99901   0.737449    0.94844   0.977755 
 0.0497448    69.7641    35.0279    47.1831    41.5424   -85.1733    80.1785    43.9256    85.5612   -18.7375     397.96   -16.2303    1.30218   -90.4174   0.736478    3.07767    91.1604   0.760313   0.374935   0.904077    0.98267   0.515544   0.935953   0.931252   0.982628   0.986661     0.6723   0.991711   0.990717   0.999045   0.736478   0.948512    0.97804 
 0.0497157     70.169    35.0543     47.229    41.5741    -84.989    80.5249    43.9331    85.5647   -18.7232    397.431   -16.2436    1.28949   -90.4104   0.735513    3.07567    91.1527   0.757641   0.374622   0.904432   0.982644   0.517451   0.935405   0.931228   0.982627   0.986681    0.67312   0.991532   0.990897   0.999077   0.735513   0.948578   0.978327 
 0.0496842    70.5724    35.0801    47.2748    41.6038   -84.8034    80.8708    43.9403    85.5692   -18.7107    396.922    -16.257    1.27675   -90.4026   0.734541    3.07296    91.1454   0.754967   0.374315   0.904787   0.982619    0.51937   0.934855   0.931206   0.982625   0.986699   0.673908   0.991349   0.991075   0.999111   0.734541   0.948668     0.9786 
 0.0496503    70.9726    35.1053    47.3218    41.6315   -84.6181    81.2173    43.9479    85.5737   -18.7007    396.421   -16.2698    1.26422   -90.3956   0.733545    3.07026    91.1376   0.752301   0.374015    0.90515   0.982596   0.521282   0.934301   0.931183   0.982623   0.986713   0.674683   0.991172   0.991249   0.999142   0.733545   0.948757   0.978888 
 0.0496141    71.3702    35.1298    47.3691    41.6578   -84.4324    81.5626    43.9551    85.5784   -18.6927    395.928   -16.2828    1.25171    -90.388   0.732538     3.0674    91.1302    0.74964   0.373724   0.905514   0.982574   0.523195   0.933748    0.93116   0.982622   0.986725   0.675444   0.990991   0.991422   0.999175   0.732538   0.948852    0.97916 
 0.0495755    71.7644    35.1555    47.4153    41.6818   -84.2473    81.9082    43.9625    85.5835   -18.6876    395.428   -16.2954    1.23876   -90.3805   0.731536    3.06434    91.1226   0.746991   0.373418    0.90587   0.982554     0.5251   0.933191   0.931138   0.982619   0.986732   0.676215   0.990814   0.991598   0.999206   0.731536   0.948953   0.979436 
 0.0495346    72.1558    35.1798    47.4629    41.7044   -84.0619    82.2529    43.9697    85.5883   -18.6845     394.94   -16.3078    1.22632   -90.3732   0.730509    3.06138    91.1152   0.744347   0.373129   0.906236   0.982535   0.527005   0.932634   0.931115   0.982618   0.986736   0.676968   0.990636   0.991765   0.999237   0.730509   0.949051   0.979704 
 0.0494915    72.5451    35.2058    47.5085    41.7251   -83.8753    82.5981    43.9769    85.5942   -18.6836    394.448   -16.3205    1.21389   -90.3658   0.729497    3.05771    91.1079   0.741707    0.37282   0.906586   0.982518   0.528919   0.932074   0.931093   0.982615   0.986738   0.677726   0.990454   0.991931   0.999266   0.729497   0.949172   0.979968 
 0.0494462     72.931    35.2312    47.5551    41.7437   -83.6898     82.943    43.9841       85.6   -18.6854    393.962   -16.3326    1.20116    -90.358   0.728466    3.05408    91.1004   0.739078   0.372518   0.906943   0.982502    0.53082   0.931512   0.931071   0.982613   0.986735   0.678474   0.990278   0.992099   0.999297   0.728466   0.949291   0.980236 
 0.0493986    73.3146    35.2555    47.6022    41.7606   -83.5037    83.2879    43.9911     85.606   -18.6891    393.492   -16.3446    1.18814   -90.3507   0.727421    3.05032    91.0931   0.736454   0.372228   0.907303   0.982488   0.532725   0.930948   0.931049    0.98261    0.98673   0.679198   0.990103    0.99227   0.999326   0.727421   0.949415   0.980493 
 0.0493489    73.6961    35.2808    47.6486    41.7752    -83.317    83.6339    43.9983    85.6129   -18.6952    393.023   -16.3564     1.1753   -90.3434   0.726374    3.04587    91.0857   0.733833   0.371927   0.907657   0.982476   0.534633    0.93038   0.931027   0.982608   0.986721   0.679918   0.989929   0.992436   0.999354   0.726374   0.949561   0.980757 
 0.0492971    74.0744    35.3062    47.6953    41.7881   -83.1305    83.9793    44.0057    85.6198   -18.7037    392.551   -16.3679    1.16309    -90.336   0.725316    3.04152    91.0781   0.731223   0.371625   0.908013   0.982465   0.536536   0.929811   0.931004   0.982605   0.986709   0.680643   0.989758   0.992592   0.999381   0.725316   0.949704   0.981023 
 0.0492431    74.4496    35.3308    47.7408    41.7995   -82.9432    84.3233    44.0128    85.6266   -18.7147    392.106   -16.3793    1.15016   -90.3286   0.724269    3.03717    91.0707   0.728624   0.371331   0.908358   0.982456   0.538444   0.929241   0.930982   0.982602   0.986694   0.681325   0.989587   0.992755   0.999408   0.724269   0.949847   0.981282 
 0.0491871    74.8213    35.3562    47.7873    41.8092   -82.7578    84.6675      44.02    85.6333   -18.7283     391.63   -16.3906    1.13743    -90.321   0.723199    3.03291    91.0632   0.726039   0.371029   0.908711   0.982447    0.54033   0.928669   0.930959   0.982599   0.986674   0.682054   0.989416   0.992915   0.999435   0.723199   0.949986    0.98154 
 0.0491291    75.1932    35.3804    47.8338    41.8171   -82.5692    85.0128    44.0267    85.6416   -18.7428     391.19   -16.4024     1.1248   -90.3137   0.722119    3.02754    91.0562   0.723443   0.370742   0.909063   0.982441   0.542246   0.928094   0.930939   0.982596   0.986654   0.682728   0.989236   0.993071    0.99946   0.722119   0.950161    0.98178 
  0.049069     75.561    35.4058    47.8797    41.8222   -82.3822    85.3583    44.0339    85.6498   -18.7608    390.744    -16.413    1.11186   -90.3059   0.721041    3.02222    91.0487   0.720864   0.370439    0.90941   0.982436   0.544144   0.927515   0.930916   0.982593   0.986628    0.68341   0.989072   0.993229   0.999487   0.721041   0.950335   0.982038 
 0.0490069    75.9249    35.4301    47.9267    41.8268   -82.1962    85.7026    44.0411    85.6573   -18.7811    390.292   -16.4241    1.09907   -90.2986   0.719942    3.01745    91.0412   0.718303    0.37015   0.909765   0.982433   0.546028   0.926936   0.930894    0.98259   0.986599   0.684101     0.9889   0.993384   0.999511   0.719942    0.95049   0.982291 
 0.0489429     76.288    35.4551    47.9719    41.8284    -82.008    86.0479    44.0481    85.6661   -18.8034    389.864   -16.4345      1.086    -90.291   0.718856    3.01171    91.0339   0.715739   0.369852   0.910105   0.982431   0.547931   0.926354   0.930872   0.982586   0.986567   0.684754   0.988738    0.99354   0.999536   0.718856   0.950677   0.982535 
 0.0488769    76.6479    35.4792    48.0186    41.8289   -81.8206    86.3921    44.0549    85.6745   -18.8279    389.428   -16.4451    1.07353   -90.2832   0.717744    3.00623    91.0267   0.713187   0.369565   0.910456   0.982431   0.549824   0.925771   0.930851   0.982583   0.986532   0.685419   0.988571   0.993688    0.99956   0.717744   0.950855   0.982776 
 0.0488091    77.0056     35.504    48.0649    41.8275   -81.6328    86.7382     44.062    85.6837   -18.8547    388.992   -16.4559    1.06087   -90.2762   0.716628    3.00021    91.0193   0.710641   0.369269   0.910804   0.982432   0.551718   0.925182   0.930829   0.982579   0.986494   0.686085   0.988401   0.993835   0.999582   0.716628    0.95105   0.983021 
 0.0487394    77.3604    35.5284    48.1109    41.8238   -81.4452    87.0832    44.0689    85.6929    -18.884    388.568   -16.4657    1.04796   -90.2683    0.71551     2.9942    91.0121   0.708106   0.368978   0.911148   0.982435   0.553608   0.924594   0.930808   0.982575   0.986452    0.68673   0.988244   0.993984   0.999605    0.71551   0.951244    0.98326 
 0.0486678    77.7138    35.5526    48.1567    41.8184   -81.2564    87.4296    44.0757     85.703   -18.9152    388.157    -16.476    1.03481   -90.2611   0.714385    2.98755    91.0049   0.705573   0.368689    0.91149    0.98244   0.555506      0.924   0.930787   0.982571   0.986407   0.687355   0.988078   0.994134   0.999626   0.714385   0.951459   0.983495 
 0.0485944    78.0627    35.5768    48.2028     41.812   -81.0693    87.7744    44.0826    85.7123   -18.9492    387.732   -16.4862    1.02175   -90.2535   0.713251    2.98152    90.9977   0.703063   0.368401   0.911834   0.982445   0.557384   0.923408   0.930765   0.982567   0.986359   0.688002   0.987913   0.994281   0.999648   0.713251   0.951653   0.983731 
 0.0485193    78.4112    35.6018    48.2485     41.802   -80.8804    88.1217    44.0897    85.7232   -18.9853    387.321   -16.4956    1.00935   -90.2459   0.712109    2.97428    90.9902   0.700547   0.368104   0.912175   0.982453   0.559278   0.922808   0.930743   0.982563   0.986307   0.688627    0.98776   0.994419   0.999669   0.712109   0.951885   0.983973 
 0.0484424    78.7559    35.6254    48.2941    41.7917   -80.6918    88.4668    44.0964    85.7332   -19.0235    386.919   -16.5053   0.996391   -90.2386   0.710967    2.96772    90.9831    0.69805   0.367821   0.912514   0.982462   0.561165    0.92221   0.930722   0.982559   0.986252   0.689237   0.987601   0.994561   0.999688   0.710967   0.952096     0.9842 
 0.0483638    79.0983    35.6493    48.3401    41.7791   -80.5037    88.8137    44.1034    85.7439   -19.0643    386.517   -16.5148   0.983363   -90.2314    0.70981    2.96067    90.9756   0.695561   0.367536   0.912855   0.982473   0.563046   0.921607   0.930701   0.982554   0.986193   0.689847   0.987445   0.994702   0.999706    0.70981   0.952321   0.984437 
 0.0482835    79.4382     35.674    48.3852    41.7648   -80.3153    89.1598    44.1102    85.7549   -19.1075    386.109   -16.5243   0.970521   -90.2234   0.708656    2.95337    90.9684   0.693082   0.367242    0.91319   0.982485   0.564925   0.921003   0.930679    0.98255    0.98613   0.690464   0.987287    0.99484   0.999726   0.708656   0.952554   0.984665 
 0.0482015    79.7768    35.6975    48.4311    41.7481   -80.1257    89.5069    44.1168    85.7665   -19.1523    385.721   -16.5333   0.957835   -90.2159   0.707483    2.94568    90.9614   0.690604   0.366962   0.913529   0.982498   0.566814   0.920395   0.930659   0.982545   0.986065   0.691052   0.987137   0.994974   0.999744   0.707483   0.952799   0.984885 
 0.0481179     80.111    35.7222    48.4765    41.7299   -79.9384    89.8541    44.1239    85.7776   -19.2005    385.313   -16.5422   0.944736   -90.2082   0.706313    2.93829    90.9539   0.688151   0.366667   0.913864   0.982514   0.568677   0.919785   0.930637   0.982541   0.985995    0.69167   0.986988    0.99511   0.999762   0.706313   0.953034   0.985118 
 0.0480326    80.4447    35.7454    48.5232    41.7097   -79.7496    90.2031    44.1306    85.7899   -19.2501    384.926   -16.5513   0.931483   -90.2011   0.705115     2.9301    90.9468   0.685694   0.366391   0.914208   0.982531   0.570553   0.919169   0.930616   0.982536   0.985923   0.692255   0.986834   0.995246   0.999778   0.705115   0.953293    0.98534 
 0.0479458    80.7749    35.7696    48.5685    41.6878   -79.5608    90.5507    44.1375    85.8021   -19.3024    384.533   -16.5601   0.918999   -90.1932   0.703929    2.92197    90.9394   0.683254   0.366102   0.914541   0.982549   0.572424   0.918554   0.930595   0.982531   0.985847   0.692849   0.986684   0.995373   0.999795   0.703929    0.95355   0.985566 
 0.0478575    81.1027    35.7932    48.6133     41.664   -79.3718    90.8986    44.1443    85.8144   -19.3571     384.16   -16.5685   0.905745   -90.1857   0.702743    2.91381    90.9321   0.680824    0.36582    0.91487   0.982569   0.574296   0.917935   0.930573   0.982526   0.985767   0.693413   0.986541   0.995505   0.999811   0.702743   0.953807   0.985787 
 0.0477676    81.4287    35.8157      48.66    41.6387   -79.1827    91.2471     44.151    85.8271   -19.4135    383.785   -16.5773   0.892956   -90.1782   0.701526    2.90535     90.925   0.678401   0.365552   0.915212    0.98259   0.576164   0.917314   0.930553   0.982521   0.985684   0.693977    0.98639   0.995631   0.999826   0.701526   0.954073   0.986002 
 0.0476762     81.752    35.8398    48.7053    41.6107   -78.9942     91.597    44.1579    85.8404   -19.4729    383.403   -16.5854   0.879783   -90.1704   0.700317    2.89645    90.9177    0.67599   0.365264   0.915543   0.982613   0.578024   0.916687   0.930531   0.982515   0.985596   0.694554    0.98625   0.995759   0.999841   0.700317   0.954351   0.986222 
 0.0475833    82.0728    35.8632      48.75     41.581   -78.8048    91.9465    44.1647    85.8536   -19.5345    383.041   -16.5932   0.866616    -90.163   0.699111    2.88757    90.9104   0.673591   0.364984   0.915869   0.982638    0.57989   0.916059    0.93051    0.98251   0.985505   0.695099   0.986115   0.995885   0.999854   0.699111   0.954629   0.986439 
  0.047489    82.3911    35.8861    48.7957    41.5503   -78.6161    92.2957    44.1714    85.8669   -19.5982    382.669   -16.6016   0.853704   -90.1553   0.697886    2.87865    90.9032   0.671204   0.364711   0.916202   0.982663   0.581747    0.91543   0.930489   0.982505   0.985411   0.695658   0.985969   0.996007   0.999868   0.697886   0.954906   0.986651 
 0.0473933    82.7078    35.9097    48.8413    41.5166    -78.427    92.6477    44.1781    85.8814   -19.6643    382.297   -16.6095   0.840532   -90.1479    0.69665    2.86894     90.896   0.668821   0.364429   0.916534   0.982691   0.583603   0.914793   0.930468   0.982499   0.985312   0.696218    0.98583   0.996129    0.99988    0.69665   0.955208   0.986863 
 0.0472963    83.0223     35.933    48.8861    41.4811   -78.2368    92.9989    44.1848    85.8962   -19.7326    381.941   -16.6172   0.828002   -90.1401   0.695419    2.85902    90.8887   0.666448   0.364151   0.916859   0.982721   0.585468   0.914155   0.930448   0.982493    0.98521   0.696753   0.985694   0.996243   0.999892   0.695419   0.955515   0.987073 
 0.0471978    83.3342    35.9559    48.9312    41.4434   -78.0473    93.3507    44.1913    85.9106   -19.8032    381.588   -16.6241   0.814767   -90.1328   0.694179    2.84928    90.8817   0.664088   0.363877   0.917185   0.982752   0.587323   0.913514   0.930427   0.982487   0.985105   0.697283   0.985572   0.996362   0.999903   0.694179   0.955815   0.987275 
  0.047098    83.6424    35.9785    48.9767    41.4056   -77.8592     93.702    44.1982     85.925   -19.8765    381.226   -16.6322   0.801549   -90.1251   0.692928    2.83961    90.8743    0.66175   0.363607   0.917514   0.982784   0.589161   0.912871   0.930406   0.982481   0.984994   0.697827   0.985428   0.996479   0.999914   0.692928   0.956112   0.987487 
  0.046997      83.95    36.0016    49.0212    41.3639    -77.669    94.0555    44.2049    85.9409   -19.9519    380.886   -16.6392   0.788467   -90.1175    0.69168    2.82893     90.867   0.659409   0.363332   0.917836   0.982818   0.591016   0.912222   0.930385   0.982474   0.984881   0.698337   0.985304   0.996593   0.999924    0.69168    0.95644   0.987694 
 0.0468947    84.2542    36.0248    49.0666    41.3211   -77.4807    94.4091    44.2116    85.9564   -20.0299    380.521   -16.6465   0.775244   -90.1096   0.690416    2.81846    90.8598   0.657088   0.363055   0.918162   0.982854    0.59285   0.911571   0.930364   0.982468   0.984762   0.698883   0.985173   0.996706   0.999934   0.690416   0.956759   0.987898 
 0.0467911    84.5568     36.047    49.1107    41.2762   -77.2903    94.7623    44.2183    85.9725   -20.1099    380.198   -16.6534    0.76219   -90.1018   0.689161    2.80759    90.8525   0.654774    0.36279   0.918479   0.982891   0.594701   0.910918   0.930343   0.982462   0.984641   0.699367   0.985048   0.996816   0.999943   0.689161    0.95709     0.9881 
 0.0466863    84.8569    36.0697    49.1563    41.2289   -77.1016    95.1179    44.2251    85.9889   -20.1925    379.847     -16.66   0.749113   -90.0942   0.687878    2.79648    90.8452   0.652472   0.362518   0.918807    0.98293   0.596532   0.910259   0.930322   0.982455   0.984515   0.699892   0.984929   0.996925   0.999951   0.687878   0.957426   0.988303 
 0.0465803    85.1542    36.0921    49.2015    41.1807   -76.9127    95.4727    44.2318    86.0053   -20.2773      379.5   -16.6671   0.736275   -90.0865   0.686596    2.78539    90.8379   0.650186    0.36225    0.91913    0.98297   0.598363   0.909598   0.930301   0.982448   0.984385   0.700411     0.9848   0.997029   0.999959   0.686596   0.957761   0.988503 
 0.0464732    85.4496    36.1156    49.2451    41.1295   -76.7233    95.8293    44.2384    86.0225   -20.3648    379.158   -16.6734   0.723013    -90.079   0.685326    2.77376    90.8306   0.647909    0.36197   0.919442   0.983012   0.600195   0.908932   0.930281   0.982441    0.98425   0.700922   0.984685   0.997135   0.999966   0.685326    0.95811   0.988701 
  0.046365    85.7426     36.137    49.2904     41.077   -76.5342     96.186    44.2451    86.0398   -20.4543    378.834     -16.68   0.709543   -90.0713    0.68403      2.762    90.8233   0.645644   0.361713   0.919765   0.983055   0.602021   0.908263    0.93026   0.982434   0.984112   0.701406   0.984564   0.997241   0.999972    0.68403   0.958462   0.988898 
 0.0462556    86.0336    36.1588    49.3345    41.0223   -76.3442    96.5426    44.2517    86.0575   -20.5461    378.518   -16.6862   0.696524   -90.0634   0.682742    2.74999    90.8161   0.643389   0.361453   0.920079     0.9831   0.603852   0.907593   0.930239   0.982427   0.983969   0.701877   0.984451   0.997341   0.999978   0.682742    0.95882    0.98909 
 0.0461452    86.3216    36.1811    49.3797    40.9659    -76.156    96.9008    44.2585    86.0753   -20.6406    378.178   -16.6925   0.683489   -90.0558   0.681435    2.73793    90.8087   0.641152   0.361186     0.9204   0.983146   0.605663   0.906916   0.930218    0.98242   0.983822   0.702385   0.984334    0.99744   0.999983   0.681435   0.959178   0.989287 
 0.0460338    86.6089    36.2035     49.424     40.906   -75.9659     97.261     44.265    86.0946   -20.7373    377.853   -16.6982   0.670747    -90.048   0.680127    2.72483    90.8015   0.638915   0.360918   0.920714   0.983195    0.60749   0.906234   0.930198   0.982412    0.98367   0.702869   0.984229   0.997534   0.999987   0.680127   0.959565   0.989475 
 0.0459213    86.8925    36.2249    49.4683    40.8457   -75.7767      97.62    44.2717     86.113   -20.8363    377.539   -16.7041   0.657625   -90.0404   0.678818    2.71229    90.7943   0.636701   0.360662   0.921028   0.983245   0.609304   0.905552   0.930177   0.982404   0.983514   0.703336    0.98412    0.99763   0.999991   0.678818   0.959934   0.989664 
 0.0458079     87.174    36.2475    49.5121    40.7825   -75.5879    97.9814    44.2784    86.1323   -20.9381    377.214   -16.7096   0.644111    -90.033   0.677509    2.69914    90.7869   0.634499   0.360392   0.921337   0.983296   0.611111   0.904863   0.930156   0.982397   0.983353    0.70382   0.984018   0.997726   0.999994   0.677509   0.960319   0.989854 
 0.0456935    87.4532    36.2689    49.5567    40.7179   -75.3992    98.3427     44.285    86.1518   -21.0419    376.897   -16.7153   0.630932   -90.0253   0.676182    2.68588    90.7797   0.632309   0.360137   0.921652   0.983349   0.612915   0.904171   0.930136   0.982389   0.983188   0.704292    0.98391   0.997818   0.999997   0.676182   0.960705    0.99004 
 0.0455781    87.7305    36.2907    49.6009    40.6504   -75.2103     98.706    44.2916    86.1722   -21.1484    376.581   -16.7205   0.617589   -90.0175   0.674855      2.672    90.7723    0.63013   0.359875   0.921963   0.983404   0.614716   0.903473   0.930115    0.98238   0.983018   0.704761   0.983813   0.997909   0.999998   0.674855   0.961108   0.990226 
 0.0454619    88.0053    36.3113    49.6455    40.5818   -75.0213    99.0684    44.2983    86.1924    -21.257    376.282   -16.7259    0.60453   -90.0097   0.673518    2.65818     90.765   0.627965   0.359629   0.922277    0.98346   0.616516   0.902775   0.930094   0.982372   0.982844   0.705206   0.983711   0.997997   0.999999   0.673518   0.961506   0.990409 
 0.0453449    88.2774    36.3331    49.6895    40.5109   -74.8331    99.4327     44.305    86.2131   -21.3684    375.962   -16.7312     0.5914    -90.002   0.672182    2.64407    90.7576   0.625816   0.359368   0.922585   0.983518   0.618305   0.902071   0.930073   0.982364   0.982664   0.705681   0.983611   0.998083          1   0.672182   0.961911   0.990593 
 0.0452269    88.5479     36.354    49.7338    40.4374   -74.6443    99.7978    44.3115    86.2344   -21.4818    375.661   -16.7359    0.57841   -89.9943   0.670836    2.62956    90.7504   0.623676   0.359118   0.922895   0.983577   0.620097   0.901362   0.930053   0.982355    0.98248   0.706127   0.983522   0.998166          1   0.670836   0.962326   0.990772 
 0.0451082     88.816    36.3751    49.7786    40.3618   -74.4563    100.164    44.3181    86.2561   -21.5978    375.349   -16.7407   0.565369   -89.9864   0.669478    2.61472    90.7431    0.62155   0.358866   0.923208   0.983638   0.621877   0.900649   0.930032   0.982346   0.982291    0.70659   0.983432   0.998248   0.999999   0.669478   0.962747   0.990949 
 0.0449887    89.0809    36.3966    49.8214    40.2846   -74.2684    100.531    44.3248    86.2778   -21.7167    375.048   -16.7451   0.551821   -89.9787   0.668142    2.59989    90.7357   0.619445   0.358608   0.923507   0.983701   0.623654   0.899933   0.930011   0.982337   0.982096   0.707036   0.983349   0.998331   0.999998   0.668142   0.963166   0.991128 
 0.0448685    89.3444    36.4174     49.865    40.2053   -74.0794    100.899    44.3314    86.3005   -21.8375    374.751     -16.75   0.539126   -89.9709   0.666786     2.5843    90.7283   0.617346   0.358359    0.92381   0.983765   0.625437   0.899212   0.929991   0.982328   0.981897   0.707475   0.983254   0.998407   0.999995   0.666786   0.963603   0.991304 
 0.0447475    89.6056    36.4377    49.9098    40.1232   -73.8921    101.268    44.3379    86.3235   -21.9609    374.453   -16.7541   0.525507   -89.9632   0.665413    2.56858    90.7211   0.615262   0.358116   0.924121   0.983831   0.627202   0.898484    0.92997   0.982319   0.981692   0.707916   0.983176   0.998486   0.999993   0.665413   0.964042   0.991476 
 0.0446259    89.8639    36.4593    49.9524    40.0395   -73.7042    101.638    44.3446    86.3468   -22.0871     374.15   -16.7584   0.512615   -89.9552    0.66406    2.55258    90.7136   0.613196   0.357858   0.924417   0.983898   0.628968   0.897755    0.92995   0.982309   0.981482   0.708365   0.983093    0.99856   0.999989    0.66406   0.964486    0.99165 
 0.0445036    90.1203    36.4788    49.9969    39.9538   -73.5164    102.009    44.3513    86.3703   -22.2152    373.865   -16.7625   0.499963   -89.9476    0.66268    2.53652    90.7062   0.611142   0.357624   0.924724   0.983967    0.63073   0.897021   0.929929   0.982299   0.981267   0.708786   0.983015    0.99863   0.999985    0.66268   0.964929   0.991822 
 0.0443807    90.3745    36.4992    50.0413    39.8651   -73.3299    102.382    44.3577    86.3948   -22.3462    373.564   -16.7663   0.486228   -89.9393   0.661296    2.51965     90.699     0.6091    0.35738   0.925031   0.984038   0.632478    0.89628   0.929909   0.982289   0.981046    0.70923   0.982943   0.998704    0.99998   0.661296   0.965391   0.991987 
 0.0442572     90.626    36.5189     50.085    39.7753   -73.1425    102.755    44.3646    86.4195   -22.4795    373.283   -16.7705   0.473132   -89.9323   0.659915    2.50271    90.6913   0.607077   0.357144   0.925332   0.984109    0.63423   0.895535   0.929887   0.982279    0.98082   0.709646   0.982862   0.998773   0.999975   0.659915   0.965852   0.992162 
 0.0441331    90.8758    36.5393    50.1271     39.682   -72.9544     103.13     44.371    86.4451   -22.6155    373.008   -16.7736   0.460015   -89.9243   0.658548    2.48516    90.6841   0.605063     0.3569   0.925622   0.984183   0.635986   0.894786   0.929867   0.982269   0.980588    0.71005   0.982802    0.99884   0.999969   0.658548   0.966327   0.992324 
 0.0440084    91.1228    36.5596    50.1711    39.5867   -72.7683    103.506    44.3777    86.4709   -22.7541    372.708   -16.7769   0.447119   -89.9165   0.657153    2.46744    90.6766   0.603069   0.356656   0.925924   0.984259   0.637719    0.89403   0.929846   0.982258    0.98035   0.710493   0.982737   0.998904   0.999962   0.657153   0.966803   0.992491 
 0.0438833     91.367    36.5795    50.2148      39.49   -72.5827    103.883    44.3845    86.4969   -22.8952    372.417   -16.7804   0.433838   -89.9087    0.65576    2.44955    90.6691   0.601093   0.356417   0.926223   0.984336   0.639445   0.893271   0.929825   0.982248   0.980107   0.710922    0.98267   0.998968   0.999954    0.65576    0.96728   0.992657 
 0.0437577    91.6093    36.5991    50.2575    39.3905   -72.3962    104.261    44.3911    86.5235   -23.0388    372.144   -16.7832    0.42064   -89.9009   0.654373     2.4312    90.6616   0.599129   0.356183   0.926516   0.984414   0.641175   0.892507   0.929804   0.982237   0.979857   0.711324   0.982615    0.99903   0.999946   0.654373   0.967765    0.99282 
 0.0436317    91.8497     36.618    50.3019     39.289   -72.2105    104.641    44.3975    86.5509   -23.1845    371.859   -16.7866   0.407212   -89.8935   0.652961    2.41235    90.6544   0.597176   0.355957   0.926818   0.984494   0.642896   0.891736   0.929784   0.982226   0.979602   0.711744    0.98255   0.999091   0.999938   0.652961   0.968261   0.992975 
 0.0435052    92.0872    36.6377     50.344    39.1851   -72.0244    105.021    44.4042     86.579   -23.3334    371.585   -16.7895   0.394177   -89.8849   0.651573    2.39302    90.6469   0.595243   0.355721   0.927105   0.984576   0.644617   0.890964   0.929763   0.982214    0.97934   0.712146   0.982493   0.999148   0.999927   0.651573   0.968765   0.993134 
 0.0433784    92.3222     36.657    50.3872    39.0792   -71.8396    105.403    44.4108    86.6069   -23.4846    371.302   -16.7921   0.381145   -89.8774   0.650168     2.3738    90.6394   0.593329   0.355489   0.927399   0.984659   0.646322   0.890184   0.929743   0.982203   0.979073   0.712563   0.982442   0.999204   0.999918   0.650168   0.969262   0.993292 
 0.0432513    92.5552    36.6758    50.4297    38.9704   -71.6538    105.786    44.4176    86.6359   -23.6383    371.039   -16.7945   0.368293   -89.8698   0.648765    2.35378    90.6318   0.591426   0.355264   0.927687   0.984744   0.648034   0.889399   0.929722   0.982191   0.978799   0.712948   0.982396   0.999256   0.999907   0.648765   0.969775    0.99345 
 0.0431238    92.7862     36.695    50.4733    38.8587   -71.4693    106.172    44.4241    86.6657   -23.7947    370.751   -16.7967   0.355553   -89.8619   0.647344    2.33322    90.6245   0.589537   0.355033   0.927983   0.984831    0.64973   0.888607   0.929701   0.982178   0.978518   0.713372   0.982352   0.999307   0.999895   0.647344   0.970299   0.993602 
  0.042996    93.0141    36.7134    50.5163    38.7458   -71.2855    106.557    44.4305    86.6954   -23.9536     370.48   -16.7988   0.341884    -89.854   0.645931    2.31272    90.6172    0.58767   0.354813   0.928273   0.984919   0.651416   0.887812   0.929681   0.982166   0.978232   0.713769   0.982311   0.999359   0.999883   0.645931   0.970816    0.99375 
  0.042868    93.2396    36.7316    50.5591    38.6307   -71.1014    106.944    44.4373    86.7257    -24.115    370.213    -16.801   0.329069   -89.8465   0.644515    2.29176    90.6095   0.585819   0.354595   0.928562   0.985008   0.653103   0.887011    0.92966   0.982154   0.977938    0.71416   0.982268   0.999406   0.999871   0.644515    0.97134   0.993903 
 0.0427397    93.4628    36.7503    50.6017    38.5128   -70.9182    107.333    44.4438    86.7569   -24.2793    369.934   -16.8029   0.315888   -89.8383   0.643099     2.2702    90.6021   0.583984   0.354371   0.928849   0.985099   0.654778   0.886204    0.92964   0.982141   0.977638   0.714569   0.982229   0.999453   0.999857   0.643099   0.971874    0.99405 
 0.0426113    93.6837    36.7686    50.6437     38.393   -70.7343    107.723    44.4503    86.7888   -24.4461    369.664   -16.8053   0.302987   -89.8307   0.641684    2.24816    90.5947   0.582166   0.354152   0.929131   0.985192   0.656455   0.885392   0.929619   0.982128   0.977331   0.714965   0.982184   0.999497   0.999843   0.641684   0.972415   0.994196 
 0.0424827    93.9021    36.7861    50.6864    38.2698   -70.5516    108.115    44.4571    86.8212   -24.6157    369.409   -16.8063   0.289823    -89.823   0.640261    2.22576     90.587   0.580365   0.353941   0.929418   0.985286   0.658119   0.884573   0.929598   0.982115   0.977016   0.715339   0.982163   0.999539   0.999828   0.640261   0.972959   0.994344 
  0.042354    94.1175    36.8039    50.7287    38.1453   -70.3698    108.506    44.4638    86.8535   -24.7877    369.143   -16.8076   0.277045   -89.8149   0.638841     2.2034    90.5794   0.578586   0.353728   0.929701   0.985382   0.659772   0.883752   0.929577   0.982101   0.976695   0.715727   0.982138   0.999579   0.999812   0.638841   0.973498   0.994489 
 0.0422252    94.3315    36.8218    50.7717    38.0171    -70.188    108.902    44.4701    86.8874   -24.9623    368.858   -16.8089   0.264187   -89.8075   0.637404    2.17996    90.5722   0.576816   0.353513   0.929988    0.98548    0.66142    0.88292   0.929557   0.982087   0.976367   0.716144   0.982113   0.999617   0.999797   0.637404   0.974056   0.994625 
 0.0420963    94.5424    36.8393    50.8134    37.8873   -70.0061    109.298    44.4767    86.9218   -25.1399    368.596   -16.8102   0.251332   -89.7996   0.635983    2.15614    90.5647   0.575068   0.353303   0.930266   0.985578   0.663067   0.882085   0.929537   0.982073   0.976031   0.716527   0.982087   0.999654    0.99978   0.635983   0.974617   0.994765 
 0.0419674    94.7504    36.8567    50.8546    37.7553   -69.8251    109.695    44.4836    86.9568   -25.3204    368.338   -16.8114   0.238224   -89.7917   0.634566    2.13188    90.5569   0.573342   0.353094   0.930541   0.985678   0.664703   0.881243   0.929515   0.982059   0.975687   0.716904   0.982064   0.999689   0.999762   0.634566   0.975183   0.994909 
 0.0418385    94.9563    36.8742    50.8965    37.6203    -69.645    110.094    44.4899     86.992   -25.5031    368.064   -16.8119   0.225185   -89.7842   0.633139    2.10747    90.5496   0.571631   0.352885   0.930819    0.98578   0.666327   0.880395   0.929495   0.982044   0.975336   0.717304   0.982053   0.999722   0.999745   0.633139   0.975746   0.995041 
 0.0417097    95.1593    36.8909     50.938    37.4835   -69.4652    110.493    44.4966    87.0277   -25.6885    367.807   -16.8123   0.212537   -89.7763   0.631716    2.08274     90.542   0.569942   0.352685   0.931094   0.985883   0.667946   0.879545   0.929474    0.98203   0.974978   0.717679   0.982045   0.999752   0.999726   0.631716   0.976309   0.995177 
 0.0415809    95.3602    36.9074      50.98    37.3437   -69.2858    110.895    44.5033    87.0649    -25.877    367.542   -16.8131   0.199758   -89.7683   0.630282    2.05694    90.5343   0.568269   0.352487   0.931372   0.985988   0.669557   0.878684   0.929453   0.982014   0.974611   0.718066   0.982029   0.999781   0.999706   0.630282   0.976891   0.995312 
 0.0414522    95.5584    36.9238    51.0214    37.2017   -69.1072    111.298    44.5096    87.1016   -26.0675    367.279   -16.8129   0.187056   -89.7609   0.628855    2.03143    90.5271   0.566615    0.35229   0.931646   0.986094   0.671159    0.87782   0.929434   0.981999   0.974237   0.718449   0.982032   0.999808   0.999686   0.628855   0.977458   0.995438 
 0.0413237    95.7539    36.9394    51.0628    37.0576   -68.9288    111.702    44.5161    87.1398   -26.2611    367.026   -16.8134   0.173958    -89.753   0.627428    2.00492    90.5196   0.564981   0.352102   0.931918   0.986202   0.672755   0.876949   0.929413   0.981984   0.973855   0.718817   0.982023   0.999834   0.999666   0.627428    0.97804   0.995567 
 0.0411954    95.9467    36.9554    51.1038    36.9102   -68.7513    112.109    44.5229    87.1788   -26.4578    366.768   -16.8132   0.161158   -89.7452   0.626003    1.97782    90.5119   0.563368    0.35191   0.932188   0.986311   0.674341   0.876071   0.929392   0.981967   0.973464   0.719192   0.982028   0.999858   0.999644   0.626003   0.978628   0.995697 
 0.0410672    96.1377    36.9715    51.1456    36.7592   -68.5742    112.518    44.5292    87.2188   -26.6571    366.493   -16.8127   0.149023   -89.7374   0.624564       1.95    90.5046   0.561768   0.351717   0.932463   0.986422   0.675919   0.875183   0.929372   0.981951   0.973064   0.719593   0.982037   0.999878   0.999622   0.624564   0.979223   0.995819 
 0.0409393    96.3252    36.9872     51.186    36.6073   -68.3978    112.928    44.5357    87.2591   -26.8591    366.232   -16.8124   0.136148   -89.7297   0.623145      1.922    90.4971   0.560194   0.351528   0.932727   0.986534   0.677489   0.874293   0.929352   0.981934   0.972656   0.719972   0.982042   0.999898     0.9996   0.623145   0.979813   0.995942 
 0.0408117    96.5106    37.0019    51.2271    36.4522   -68.2215     113.34    44.5422    87.3003   -27.0638    365.981   -16.8119     0.1235   -89.7228   0.621715     1.8933    90.4896   0.558637   0.351352   0.932996   0.986648   0.679054   0.873394   0.929331   0.981917    0.97224   0.720337   0.982053   0.999916   0.999579   0.621715    0.98041   0.996064 
 0.0406844    96.6919    37.0172    51.2677    36.2958   -68.0479    113.751     44.549    87.3412   -27.2713    365.713   -16.8109   0.110923   -89.7149   0.620295    1.86487    90.4818   0.557112   0.351168   0.933262   0.986762   0.680592   0.872493    0.92931     0.9819   0.971814   0.720725   0.982072   0.999933   0.999554   0.620295   0.980992   0.996187 
 0.0405574    96.8718    37.0329    51.3071    36.1355   -67.8728    114.166    44.5554    87.3845   -27.4821    365.444   -16.8104  0.0985338   -89.7067   0.618884    1.83471    90.4745   0.555598    0.35098   0.933518   0.986878   0.682141   0.871582    0.92929   0.981883   0.971379   0.721116   0.982082   0.999947   0.999528   0.618884     0.9816   0.996303 
 0.0404308    97.0481    37.0472    51.3478    35.9739   -67.6999    114.582    44.5621    87.4271   -27.6951    365.183   -16.8093  0.0859477   -89.6994   0.617462    1.80503    90.4668   0.554111   0.350809   0.933783   0.986995   0.683667   0.870666   0.929269   0.981865   0.970936   0.721495   0.982104   0.999959   0.999505   0.617462   0.982188    0.99642 
 0.0403047    97.2226    37.0619    51.3875    35.8077   -67.5268    115.001    44.5684    87.4718   -27.9114    364.916   -16.8077  0.0736603   -89.6916   0.616047    1.77388    90.4595   0.552638   0.350631   0.934041   0.987115   0.685192    0.86974   0.929249   0.981846   0.970483   0.721881   0.982135    0.99997   0.999478   0.616047   0.982796   0.996531 
 0.0401789    97.3935    37.0755    51.4282    35.6412   -67.3556    115.419    44.5749    87.5162   -28.1299    364.651   -16.8066  0.0610076   -89.6839   0.614626    1.74298    90.4521   0.551194   0.350468   0.934304   0.987234   0.686697   0.868812   0.929229   0.981828   0.970021   0.722267   0.982157    0.99998   0.999452   0.614626   0.983389   0.996643 
 0.0400537    97.5621    37.0885    51.4683    35.4711   -67.1843     115.84    44.5813    87.5617   -28.3514      364.4   -16.8048  0.0486961   -89.6765   0.613211    1.71126    90.4446   0.549768   0.350312   0.934563   0.987355     0.6882   0.867875   0.929209   0.981809   0.969549   0.722629   0.982193   0.999987   0.999426   0.613211   0.983986   0.996752 
  0.039929    97.7276    37.1024    51.5072    35.2979   -67.0139    116.262    44.5878     87.608    -28.576    364.137   -16.8025  0.0365964    -89.669    0.61181    1.67891    90.4372   0.548365   0.350146   0.934815   0.987478   0.689693   0.866931   0.929188    0.98179   0.969067    0.72301   0.982237   0.999993   0.999399    0.61181   0.984584    0.99686 
 0.0398048    97.8897    37.1163     51.546    35.1235   -66.8448    116.686    44.5944    87.6555   -28.8038    363.859   -16.8014  0.0242091    -89.661   0.610412    1.64578    90.4296   0.546991   0.349978   0.935065   0.987601   0.691171   0.865981   0.929168    0.98177   0.968575   0.723413   0.982261   0.999997    0.99937   0.610412   0.985185   0.996968 
 0.0396812    98.0496    37.1284    51.5856    34.9458   -66.6762    117.112    44.6008    87.7031   -29.0336    363.606   -16.7988  0.0120208   -89.6541   0.609007    1.61255    90.4222   0.545634   0.349833   0.935319   0.987726   0.692641   0.865024   0.929147   0.981751   0.968074   0.723778   0.982311   0.999999   0.999344   0.609007   0.985776   0.997071 
 0.0395583    98.2058    37.1418    51.6239    34.7662    -66.509    117.539    44.6074     87.752    -29.267    363.328    -16.797 3.9316e-05    -89.646   0.607619    1.57842    90.4146   0.544306   0.349672   0.935565   0.987852   0.694097   0.864062   0.929127    0.98173   0.967562   0.724179   0.982347          1   0.999313   0.607619    0.98637   0.997175 
 0.0394359    98.3602    37.1534    51.6633    34.5825   -66.3422    117.968    44.6137    87.8017   -29.5027    363.068   -16.7939 -0.0116219   -89.6389   0.606218    1.54376    90.4074   0.542993   0.349533   0.935818    0.98798   0.695547   0.863091   0.929107    0.98171    0.96704   0.724555   0.982407   0.999999   0.999285   0.606218   0.986961   0.997273 
 0.0393143     98.511    37.1656    51.7012    34.3973   -66.1761    118.398    44.6199    87.8525   -29.7417    362.796   -16.7916 -0.0238435   -89.6311   0.604838     1.5082    90.4002   0.541709   0.349386    0.93606   0.988108   0.696987   0.862113   0.929087   0.981689   0.966507   0.724947   0.982452   0.999997   0.999254   0.604838   0.987554   0.997368 
 0.0391934    98.6586    37.1772    51.7397    34.2097   -66.0119     118.83    44.6265    87.9032   -29.9831    362.527   -16.7884 -0.0352841   -89.6241   0.603455    1.47278    90.3927   0.540451   0.349247   0.936306   0.988237   0.698408   0.861131   0.929067   0.981667   0.965964   0.725335   0.982514   0.999993   0.999225   0.603455    0.98813   0.997465 
 0.0390733    98.8036    37.1892    51.7769    34.0181    -65.848    119.265    44.6326    87.9564   -30.2284    362.248   -16.7853    -0.0476   -89.6166   0.602087    1.43557    90.3856   0.539214   0.349103   0.936543   0.988368   0.699824   0.860135   0.929048   0.981645   0.965408   0.725737   0.982575   0.999988   0.999194   0.602087   0.988721   0.997556 
  0.038954     98.945    37.1994    51.8151     33.826   -65.6854    119.699    44.6393     88.009   -30.4755    361.986   -16.7822 -0.0585884   -89.6093   0.600712    1.39884     90.378   0.538007    0.34898   0.936786   0.988499   0.701227   0.859141   0.929027   0.981623   0.964844   0.726115   0.982634   0.999981   0.999163   0.600712    0.98929   0.997651 
 0.0388355    99.0834    37.2102    51.8528    33.6301   -65.5247    120.137    44.6456    88.0633   -30.7263    361.706   -16.7786 -0.0709137   -89.6022   0.599349    1.36083    90.3708   0.536824    0.34885   0.937025   0.988631    0.70261   0.858133   0.929007   0.981601   0.964266   0.726518   0.982704   0.999972   0.999132   0.599349   0.989863    0.99774 
 0.0387179    99.2187    37.2203    51.8897     33.433   -65.3638    120.574    44.6518    88.1179   -30.9793    361.434   -16.7754 -0.0823661   -89.5946   0.597996    1.32262    90.3637   0.535667   0.348729   0.937259   0.988764   0.703991   0.857124   0.928987   0.981578   0.963679    0.72691   0.982766   0.999963   0.999099   0.597996   0.990424   0.997826 
 0.0386011    99.3506    37.2308     51.926    33.2322   -65.2052    121.014    44.6581    88.1736   -31.2358    361.151   -16.7711 -0.0939208   -89.5873   0.596657    1.28363    90.3565   0.534538   0.348602   0.937489   0.988898   0.705352   0.856106   0.928968   0.981555   0.963078   0.727316   0.982849   0.999952   0.999066   0.596657   0.990979   0.997911 
 0.0384853    99.4793    37.2404    51.9624    33.0301   -65.0467    121.455    44.6645    88.2302   -31.4949    360.869   -16.7679  -0.105063   -89.5802   0.595317      1.244    90.3492   0.533435   0.348487   0.937719   0.989033   0.706708   0.855082   0.928947   0.981531   0.962467   0.727721   0.982912   0.999939   0.999034   0.595317   0.991527   0.997996 
 0.0383705    99.6049    37.2491    51.9986    32.8254     -64.89    121.896    44.6706    88.2874   -31.7567    360.598   -16.7635  -0.116804   -89.5729   0.593989    1.20395    90.3422   0.532358   0.348382   0.937946   0.989168   0.708046   0.854052   0.928928   0.981507   0.961845   0.728111   0.982996   0.999925      0.999   0.593989   0.992063   0.998075 
 0.0382567    99.7272    37.2586    52.0339    32.6166   -64.7343    122.342    44.6769    88.3464   -32.0222    360.309   -16.7589  -0.127959   -89.5659   0.592672    1.16258    90.3351   0.531308   0.348268   0.938169   0.989305   0.709373   0.853011   0.928908   0.981483   0.961208   0.728525   0.983085    0.99991   0.998967   0.592672   0.992598   0.998155 
 0.0381439    99.8461    37.2664    52.0701     32.408   -64.5802    122.785    44.6831    88.4046   -32.2891    360.027   -16.7546  -0.138636   -89.5588   0.591352     1.1218     90.328   0.530287   0.348175   0.938396   0.989441   0.710685   0.851972   0.928889   0.981458   0.960563   0.728931   0.983166   0.999895   0.998933   0.591352   0.993108   0.998231 
 0.0380322    99.9615    37.2747    52.1046     32.196   -64.4267    123.231    44.6893    88.4649     -32.56     359.74   -16.7503  -0.149812   -89.5517   0.590056    1.07948     90.321   0.529295   0.348075   0.938612   0.989579   0.711988   0.850921    0.92887   0.981433   0.959903   0.729342    0.98325   0.999877   0.998898   0.590056   0.993617   0.998306 
 0.0379216    100.074    37.2825    52.1393    31.9818   -64.2748    123.678    44.6952    88.5253   -32.8331    359.444   -16.7454  -0.160188   -89.5447   0.588763    1.03714    90.3142   0.528329   0.347981   0.938829   0.989717   0.713275   0.849867   0.928851   0.981408   0.959232   0.729765   0.983343   0.999859   0.998864   0.588763   0.994108   0.998377 
 0.0378121    100.182    37.2894    52.1744    31.7645   -64.1249    124.127    44.7014    88.5877   -33.1099    359.149   -16.7403  -0.171268   -89.5376   0.587473   0.993354    90.3073   0.527394   0.347898   0.939049   0.989856   0.714544   0.848801   0.928831   0.981382   0.958547   0.730187   0.983439   0.999839   0.998828   0.587473   0.994594   0.998447 
 0.0377039    100.287    37.2965    52.2079    31.5455   -63.9759    124.577    44.7078    88.6505   -33.3894    358.859   -16.7349   -0.18176   -89.5308   0.586209   0.949317    90.3002   0.526491   0.347813   0.939258   0.989995   0.715803   0.847732   0.928811   0.981355   0.957849   0.730602   0.983541   0.999819   0.998793   0.586209   0.995063   0.998519 
 0.0375968    100.389    37.3027    52.2417    31.3249   -63.8282    125.027    44.7136     88.714   -33.6713     358.56   -16.7298  -0.192413   -89.5235   0.584947   0.904759    90.2936   0.525614   0.347738   0.939468   0.990134   0.717048   0.846659   0.928793   0.981329   0.957139    0.73103   0.983638   0.999797   0.998755   0.584947   0.995515   0.998583 
 0.0374909    100.487    37.3083    52.2747    31.1022   -63.6821    125.479    44.7198    88.7782   -33.9562    358.269   -16.7241  -0.203332   -89.5171   0.583702   0.859682    90.2868    0.52477    0.34767   0.939674   0.990274   0.718277   0.845578   0.928774   0.981302   0.956416   0.731446   0.983745   0.999773   0.998721   0.583702    0.99595   0.998648 
 0.0373864    100.581    37.3138    52.3073    30.8771    -63.537    125.932    44.7259    88.8434   -34.2439     357.97   -16.7184  -0.213221   -89.5106   0.582468   0.813925    90.2799   0.523955   0.347604   0.939876   0.990414   0.719496   0.844492   0.928754   0.981274    0.95568   0.731873   0.983852   0.999751   0.998687   0.582468    0.99637   0.998712 
 0.0372831    100.672    37.3187    52.3405    30.6498   -63.3943    126.385    44.7317    88.9096   -34.5344    357.653   -16.7128  -0.223542   -89.5035   0.581234   0.767369    90.2734    0.52317   0.347546   0.940082   0.990554   0.720692     0.8434   0.928736   0.981247   0.954931   0.732324   0.983958   0.999726   0.998649   0.581234   0.996773   0.998771 
 0.0371812    100.759    37.3233    52.3711    30.4208   -63.2514    126.839    44.7375    88.9768   -34.8278    357.357   -16.7067  -0.233758   -89.4967   0.580039     0.7202     90.267   0.522417    0.34749   0.940271   0.990694   0.721887   0.842304   0.928718   0.981218   0.954168   0.732747   0.984071     0.9997   0.998612   0.580039   0.997157   0.998828 
 0.0370806    100.843    37.3276    52.4026    30.1894   -63.1111    127.295    44.7435    89.0448   -35.1241     357.04   -16.7006   -0.24358   -89.4907   0.578839   0.672365    90.2605   0.521696   0.347439   0.940465   0.990835    0.72306   0.841198   0.928699    0.98119   0.953391   0.733199   0.984184   0.999675   0.998578   0.578839   0.997522   0.998884 
 0.0369814    100.922    37.3306    52.4347    29.9568   -62.9733    127.751    44.7495    89.1132   -35.4227    356.727   -16.6941   -0.25347    -89.484   0.577646   0.624287    90.2539   0.521008   0.347403   0.940664   0.990976   0.724209   0.840091    0.92868   0.981161   0.952601   0.733645   0.984305   0.999648    0.99854   0.577646   0.997864    0.99894 
 0.0368837    100.998    37.3333    52.4663    29.7221   -62.8365    128.207    44.7552    89.1824   -35.7239    356.405   -16.6875  -0.262769   -89.4774   0.576465   0.575624    90.2477    0.52035   0.347371   0.940858   0.991116   0.725348   0.838979   0.928662   0.981132   0.951798   0.734102   0.984426   0.999621   0.998503   0.576465   0.998184   0.998991 
 0.0367874     101.07    37.3359     52.495    29.4861   -62.7003    128.663    44.7612    89.2526   -36.0283    356.102   -16.6806  -0.272395   -89.4712   0.575325   0.526274    90.2412   0.519729   0.347339   0.941034   0.991257    0.72648   0.837864   0.928643   0.981102    0.95098   0.734533   0.984554   0.999593   0.998467   0.575325   0.998482   0.999043 
 0.0366926    101.138    37.3378    52.5256     29.248   -62.5672    129.121    44.7669     89.324   -36.3354    355.766    -16.674  -0.281997   -89.4646   0.574175   0.476085    90.2351   0.519139   0.347316   0.941222   0.991397   0.727584    0.83674   0.928625   0.981072   0.950148   0.735011   0.984675   0.999564   0.998429   0.574175   0.998757   0.999091 
 0.0365993    101.203    37.3391    52.5541    29.0084   -62.4339    129.578    44.7725    89.3956   -36.6445     355.45   -16.6669  -0.290917   -89.4588   0.573054   0.425697    90.2291   0.518579     0.3473   0.941397   0.991537   0.728688   0.835615   0.928607   0.981042   0.949303   0.735459   0.984804   0.999536   0.998395   0.573054   0.999007   0.999137 
 0.0365075    101.264    37.3401     52.582    28.7675   -62.3027    130.036     44.778    89.4682   -36.9567    355.123   -16.6598  -0.300184   -89.4526   0.571951   0.374546    90.2232   0.518054   0.347288   0.941568   0.991677   0.729773   0.834485    0.92859   0.981011   0.948444   0.735922   0.984932   0.999506   0.998358   0.571951   0.999231   0.999181 
 0.0364173     101.32    37.3408    52.6118    28.5253   -62.1757    130.494    44.7837    89.5411   -37.2712    354.767   -16.6524  -0.309334   -89.4468   0.570843   0.323293    90.2172   0.517567    0.34728    0.94175   0.991816   0.730821    0.83335   0.928572    0.98098    0.94757   0.736427   0.985066   0.999475   0.998323   0.570843   0.999427   0.999224 
 0.0363287    101.372    37.3405    52.6383    28.2821   -62.0476    130.951    44.7894    89.6152   -37.5885    354.446   -16.6451  -0.318065   -89.4404   0.569776   0.271089    90.2112   0.517114   0.347284   0.941912   0.991955   0.731877   0.832215   0.928554   0.980949   0.946682   0.736882   0.985197   0.999445   0.998284   0.569776   0.999597   0.999266 
 0.0362417     101.42    37.3399    52.6651     28.037   -61.9216    131.408    44.7949    89.6902   -37.9083    354.104   -16.6377  -0.326574   -89.4345   0.568718   0.218284    90.2055   0.516694   0.347291   0.942075   0.992094   0.732913   0.831075   0.928537   0.980917   0.945779   0.737366   0.985329   0.999415   0.998247   0.568718   0.999739   0.999306 
 0.0361564    101.465    37.3382    52.6928    27.7914   -61.7989    131.866    44.8005    89.7651   -38.2301    353.758   -16.6299  -0.335192   -89.4288   0.567662   0.165548    90.1998   0.516309   0.347312   0.942244   0.992232   0.733922   0.829932   0.928519   0.980885   0.944863   0.737856    0.98547   0.999384   0.998211   0.567662    0.99985   0.999344 
 0.0360727    101.505    37.3362    52.7182    27.5445   -61.6764    132.322     44.806    89.8409   -38.5545    353.421   -16.6219  -0.343293    -89.423   0.566641   0.112091    90.1941    0.51596   0.347335   0.942398   0.992369   0.734926   0.828787   0.928502   0.980853   0.943932   0.738332   0.985611   0.999354   0.998175   0.566641   0.999931    0.99938 
 0.0359907    101.541     37.335    52.7433    27.2965   -61.5566    132.779    44.8112    89.9172   -38.8813    353.045   -16.6141  -0.351409   -89.4175   0.565635  0.0583416    90.1888   0.515645    0.34735   0.942551   0.992505   0.735907   0.827638   0.928485    0.98082   0.942987   0.738862   0.985749   0.999323    0.99814   0.565635   0.999981   0.999414 
 0.0359104    101.573    37.3313    52.7687    27.0479   -61.4383    133.234    44.8164    89.9944   -39.2104    352.701   -16.6057  -0.359894   -89.4118    0.56464 0.00396564    90.1836   0.515366   0.347395   0.942704   0.992641   0.736874   0.826489   0.928469   0.980788   0.942027   0.739348   0.985896    0.99929   0.998103    0.56464          1   0.999446 
 0.0358319    101.602    37.3278    52.7923    26.7977   -61.3208    133.689    44.8217    90.0721   -39.5418    352.349   -16.5973  -0.366913   -89.4059   0.563672 -0.0508507    90.1783   0.515121   0.347437   0.942847   0.992777   0.737833   0.825338   0.928453   0.980755   0.941053   0.739844   0.986044   0.999262   0.998066   0.563672   0.999986   0.999477 
 0.0357551    101.625    37.3237    52.8163    26.5477   -61.2064    134.144    44.8272    90.1504   -39.8755    351.983    -16.589   -0.37465   -89.4009   0.562714  -0.105995    90.1729   0.514917   0.347486   0.942993   0.992911   0.738765   0.824184   0.928435   0.980721   0.940064   0.740359   0.986187    0.99923   0.998032   0.562714   0.999938   0.999508 
   0.03568    101.645    37.3184    52.8403    26.2974   -61.0935    134.597    44.8321    90.2287   -40.2107    351.617   -16.5807  -0.382098   -89.3953   0.561767  -0.161259    90.1681   0.514745    0.34755   0.943137   0.993043   0.739684   0.823032    0.92842   0.980688   0.939062   0.740875   0.986331     0.9992   0.997996   0.561767   0.999857   0.999535 
 0.0356068     101.66    37.3145    52.8614    26.0462   -60.9822    135.049    44.8372    90.3081   -40.5491     351.23   -16.5722  -0.389661   -89.3903   0.560865  -0.217208    90.1632   0.514614   0.347596   0.943265   0.993176   0.740588   0.821876   0.928403   0.980654   0.938043   0.741418   0.986477   0.999168   0.997962   0.560865   0.999741   0.999562 
 0.0355354    101.671    37.3084    52.8842    25.7944   -60.8734    135.501    44.8423    90.3877    -40.889    350.851   -16.5634  -0.396749   -89.3851   0.559958  -0.273375    90.1583   0.514517   0.347669   0.943402   0.993307   0.741471    0.82072   0.928387    0.98062   0.937011   0.741951   0.986628   0.999137   0.997927   0.559958    0.99959   0.999588 
 0.0354657    101.678    37.3021    52.9049    25.5437   -60.7659    135.949    44.8475     90.467   -41.2305    350.484   -16.5543  -0.403724   -89.3799   0.559087  -0.329321    90.1534   0.514459   0.347745   0.943526   0.993436   0.742342   0.819568   0.928371   0.980586   0.935966   0.742466   0.986783   0.999106   0.997892   0.559087   0.999405   0.999613 
 0.0353979    101.681     37.294    52.9264    25.2926   -60.6594    136.397    44.8523     90.547   -41.5736    350.112   -16.5459  -0.410342   -89.3749   0.558213  -0.385763     90.149   0.514431   0.347843   0.943656   0.993564   0.743204   0.818417   0.928356   0.980552   0.934907   0.742988   0.986926   0.999077   0.997858   0.558213   0.999184   0.999635 
  0.035332    101.679    37.2873    52.9467    25.0391   -60.5565    136.845    44.8571    90.6283   -41.9201      349.7   -16.5365  -0.416871     -89.37   0.557372  -0.443145    90.1446   0.514446   0.347923   0.943778   0.993693   0.744035   0.817258   0.928341   0.980517    0.93383   0.743564   0.987083   0.999047   0.997825   0.557372   0.998923   0.999656 
 0.0352679    101.674    37.2785    52.9661    24.7881   -60.4538    137.289     44.862    90.7087    -42.267    349.327   -16.5274  -0.423137   -89.3653    0.55655  -0.499906    90.1402   0.514495   0.348029   0.943894   0.993818   0.744864   0.816109   0.928325   0.980482   0.932743   0.744087   0.987236   0.999018   0.997792    0.55655    0.99863   0.999677 
 0.0352057    101.663    37.2704    52.9845    24.5377   -60.3539    137.731    44.8667     90.789   -42.6157    348.928   -16.5181  -0.429616   -89.3604   0.555754  -0.556623     90.136   0.514583   0.348126   0.944004   0.993942   0.745668   0.814962    0.92831   0.980448   0.931641   0.744645    0.98739   0.998988   0.997758   0.555754   0.998302   0.999696 
 0.0351454    101.649    37.2607    53.0021    24.2855   -60.2542    138.173    44.8712    90.8711   -42.9669    348.538   -16.5088  -0.435725   -89.3561   0.554974  -0.614592    90.1321   0.514706   0.348243    0.94411   0.994066    0.74647   0.813809   0.928296   0.980413   0.930523    0.74519   0.987543   0.998959   0.997728   0.554974    0.99793   0.999713 
 0.0350869    101.631    37.2509    53.0204    24.0357    -60.158    138.611    44.8758     90.952   -43.3188    348.124   -16.4999  -0.441626   -89.3515   0.554202  -0.671709    90.1282   0.514866   0.348361   0.944219   0.994187   0.747244   0.812666   0.928282   0.980378   0.929394   0.745768    0.98769   0.998931   0.997695   0.554202   0.997527    0.99973 
 0.0350304    101.608     37.241    53.0376    23.7855   -60.0635    139.048    44.8805    91.0333   -43.6726    347.707   -16.4905  -0.447067   -89.3477   0.553456  -0.729105    90.1241   0.515064    0.34848   0.944322   0.994308   0.748002   0.811521   0.928267   0.980343    0.92825    0.74635   0.987843   0.998904   0.997668   0.553456   0.997087   0.999747 
 0.0349757    101.581    37.2292     53.054    23.5361   -59.9696    139.482     44.885    91.1152   -44.0279    347.308   -16.4813  -0.452561   -89.3432   0.552728  -0.786955    90.1205   0.515299   0.348622    0.94442   0.994426   0.748754   0.810381   0.928253   0.980308   0.927093   0.746906   0.987993   0.998877   0.997635   0.552728   0.996606   0.999761 
  0.034923     101.55    37.2175    53.0699    23.2874   -59.8786    139.913    44.8893    91.1967   -44.3846    346.896   -16.4714  -0.458129   -89.3386   0.552023   -0.84452     90.117    0.51557   0.348762   0.944515   0.994543   0.749483   0.809246   0.928239   0.980273   0.925922   0.747479   0.988153   0.998849   0.997603   0.552023   0.996092   0.999775 
 0.0348722    101.514    37.2047    53.0856    23.0398   -59.7889    140.342    44.8938    91.2783   -44.7424    346.486   -16.4619  -0.463166   -89.3347   0.551329  -0.902167    90.1133   0.515878   0.348916   0.944609   0.994659     0.7502   0.808113   0.928225   0.980237   0.924737   0.748049   0.988305   0.998824   0.997574   0.551329   0.995541   0.999789 
 0.0348233    101.475     37.192    53.1004    22.7939   -59.7012    140.768    44.8981    91.3592   -45.1012    346.066   -16.4523  -0.468415   -89.3307    0.55066  -0.959375      90.11   0.516221   0.349069   0.944697   0.994772     0.7509   0.806987   0.928211   0.980202   0.923541   0.748633   0.988458   0.998797   0.997545    0.55066   0.994958   0.999801 
 0.0347763    101.431     37.179    53.1138    22.5471   -59.6144    141.192    44.9021    91.4416   -45.4622    345.634   -16.4427  -0.473343   -89.3269   0.550016   -1.01754     90.107   0.516602   0.349225   0.944776   0.994885   0.751592    0.80586   0.928199   0.980167   0.922328   0.749233   0.988609   0.998772   0.997517   0.550016   0.994328   0.999812 
 0.0347312    101.383    37.1651    53.1273    22.3033   -59.5297    141.612    44.9063    91.5225   -45.8233    345.205   -16.4333  -0.477945   -89.3232   0.549383   -1.07472    90.1039   0.517017   0.349392   0.944857   0.994994   0.752267   0.804744   0.928186   0.980132   0.921106   0.749827   0.988757   0.998748   0.997489   0.549383   0.993674   0.999823 
 0.0346881     101.33    37.1502    53.1399    22.0592   -59.4472     142.03    44.9107    91.6047    -46.187    344.785   -16.4231   -0.48261    -89.319   0.548777   -1.13282    90.1005   0.517477   0.349571   0.944932   0.995103   0.752923   0.803628   0.928172   0.980096   0.919866   0.750409   0.988917   0.998723   0.997459   0.548777   0.992972   0.999834 
 0.0346469    101.274    37.1354    53.1523    21.8168   -59.3658    142.445    44.9144    91.6853     -46.55    344.344   -16.4132  -0.486701    -89.316   0.548179   -1.18982     90.098    0.51796   0.349749   0.945006    0.99521    0.75357   0.802519    0.92816   0.980061   0.918619   0.751018   0.989069   0.998701   0.997436   0.548179   0.992248   0.999842 
 0.0346076    101.214    37.1194    53.1639    21.5762   -59.2856    142.856    44.9184    91.7667   -46.9149    343.912   -16.4037  -0.491036   -89.3123   0.547604    -1.2474    90.0953   0.518485   0.349941   0.945074   0.995315   0.754207   0.801417   0.928147   0.980026   0.917356   0.751616   0.989216   0.998678   0.997408   0.547604    0.99148   0.999851 
 0.0345702    101.149    37.1038    53.1744    21.3386   -59.2076    143.262    44.9224    91.8468     -47.28    343.468   -16.3943  -0.495273   -89.3086   0.547052   -1.30401    90.0925   0.519047   0.350128   0.945137   0.995418   0.754826   0.800326   0.928134   0.979991   0.916083   0.752229    0.98936   0.998655    0.99738   0.547052   0.990691   0.999859 
 0.0345347     101.08     37.087     53.185    21.1007   -59.1308    143.666    44.9261    91.9275   -47.6463    343.022   -16.3846  -0.498804   -89.3049    0.54651   -1.36108    90.0901    0.51964    0.35033     0.9452   0.995519   0.755434   0.799237   0.928123   0.979956   0.914796   0.752844   0.989507   0.998636   0.997352    0.54651    0.98986   0.999866 
 0.0345011    101.008    37.0707    53.1942    20.8646   -59.0557    144.067      44.93    92.0073   -48.0133     342.57   -16.3746  -0.502262   -89.3025   0.545996   -1.41752    90.0876   0.520269   0.350526   0.945254   0.995619   0.756028   0.798153   0.928111   0.979922   0.913498   0.753467   0.989657   0.998617   0.997334   0.545996   0.989003   0.999874 
 0.0344695    100.931    37.0527    53.2045    20.6302   -58.9825    144.465    44.9335    92.0873   -48.3809     342.11   -16.3651  -0.505942   -89.2995    0.54548   -1.47407    90.0855   0.520931   0.350742   0.945315   0.995717   0.756607   0.797077     0.9281   0.979887   0.912189   0.754099     0.9898   0.998597   0.997311    0.54548   0.988109    0.99988 
 0.0344397    100.851    37.0344    53.2127    20.3992   -58.9102    144.857    44.9373    92.1662   -48.7489    341.674   -16.3551  -0.509623   -89.2963   0.545001   -1.52989    90.0832    0.52163   0.350962   0.945364   0.995812   0.757178   0.796014   0.928087   0.979852   0.910868   0.754699   0.989949   0.998576   0.997286   0.545001   0.987194   0.999886 
 0.0344118    100.766    37.0156    53.2215    20.1672   -58.8397    145.248    44.9406    92.2462   -49.1184    341.204   -16.3454   -0.51262   -89.2935   0.544524   -1.58647    90.0814   0.522361   0.351187   0.945415   0.995907   0.757734   0.794949   0.928077   0.979817   0.909532   0.755344   0.990091   0.998559   0.997264   0.544524   0.986231   0.999891 
 0.0343858    100.678    36.9963    53.2297    19.9396   -58.7706    145.633    44.9441    92.3243   -49.4871    340.748   -16.3358  -0.515586   -89.2905   0.544063   -1.64167    90.0795   0.523124    0.35142   0.945464   0.995999   0.758279   0.793901   0.928066   0.979783    0.90819    0.75597   0.990233   0.998543   0.997241   0.544063   0.985259   0.999896 
 0.0343616    100.585    36.9767    53.2364    19.7127   -58.7027    146.015    44.9476    92.4027   -49.8573    340.294   -16.3256  -0.518489   -89.2878   0.543632   -1.69716    90.0776   0.523924   0.351655   0.945504   0.996089   0.758813   0.792857   0.928055   0.979749   0.906833   0.756593   0.990381   0.998526    0.99722   0.543632   0.984248   0.999901 
 0.0343393    100.489    36.9571    53.2433    19.4886   -58.6366    146.393     44.951    92.4803   -50.2275    339.815   -16.3162  -0.521167   -89.2852   0.543207   -1.75206    90.0758   0.524756    0.35189   0.945545   0.996177   0.759333   0.791823   0.928044   0.979715   0.905467   0.757248   0.990516   0.998511     0.9972   0.543207   0.983216   0.999905 
 0.0343188    100.388    36.9369    53.2488    19.2665   -58.5713    146.766    44.9542    92.5574    -50.598     339.35   -16.3063  -0.523938   -89.2829   0.542808   -1.80659    90.0743   0.525619   0.352132   0.945577   0.996264   0.759846   0.790797   0.928034   0.979682    0.90409   0.757884   0.990658   0.998495   0.997182   0.542808   0.982158   0.999909 
 0.0343002    100.285    36.9157    53.2543    19.0474   -58.5069    147.135    44.9573    92.6333   -50.9681    338.894   -16.2966  -0.526452   -89.2802   0.542417   -1.86031    90.0729    0.52651   0.352387   0.945609   0.996348   0.760352   0.789784   0.928024   0.979648   0.902705   0.758506   0.990797   0.998481   0.997161   0.542417   0.981084   0.999913 
 0.0342834    100.177    36.8933    53.2603    18.8296   -58.4444    147.501    44.9606    92.7099   -51.3394    338.429   -16.2871  -0.528953    -89.278    0.54203   -1.91454    90.0714   0.527439   0.352655   0.945645   0.996431   0.760842   0.788776   0.928014   0.979615   0.901306   0.759141    0.99093   0.998466   0.997143    0.54203   0.979969   0.999916 
 0.0342684    100.065    36.8718    53.2652    18.6128   -58.3839    147.863    44.9637    92.7863   -51.7116    337.942   -16.2771  -0.531012   -89.2754    0.54167   -1.96857    90.0702   0.528402   0.352914   0.945674   0.996513   0.761316   0.787775   0.928004   0.979581   0.899894   0.759804    0.99107   0.998454   0.997123    0.54167   0.978827   0.999919 
 0.0342552    99.9511    36.8498    53.2685    18.4007   -58.3227    148.219    44.9664    92.8604   -52.0821    337.474   -16.2677  -0.533405   -89.2736   0.541328   -2.02098    90.0693   0.529384   0.353177   0.945694   0.996592   0.761796    0.78679   0.927995   0.979549    0.89848   0.760441   0.991201    0.99844   0.997108   0.541328   0.977688   0.999921 
 0.0342438    99.8323    36.8273    53.2729    18.1902   -58.2643    148.571    44.9696    92.9346   -52.4536    336.989   -16.2583  -0.534755   -89.2708   0.540988   -2.07353     90.068   0.530406   0.353447    0.94572    0.99667   0.762253   0.785814   0.927985   0.979516   0.897052   0.761101    0.99133   0.998432   0.997086   0.540988   0.976518   0.999924 
 0.0342342    99.7102    36.8045    53.2764    17.9817   -58.2071     148.92    44.9722    93.0083   -52.8253    336.501   -16.2485  -0.537166    -89.269   0.540669   -2.12566    90.0673   0.531454    0.35372    0.94574   0.996745     0.7627   0.784845   0.927977   0.979484   0.895614   0.761763   0.991466   0.998418   0.997071   0.540669   0.975327   0.999926 
 0.0342263    99.5845    36.7806    53.2794    17.7754   -58.1497    149.264    44.9752    93.0815   -53.1968    336.027   -16.2392  -0.538189    -89.267   0.540357   -2.17749    90.0663   0.532533   0.354007   0.945758    0.99682   0.763148   0.783888   0.927968   0.979452   0.894167   0.762406   0.991592   0.998412   0.997055   0.540357   0.974114   0.999928 
 0.0342201    99.4545    36.7574    53.2811    17.5724   -58.0943    149.604    44.9782    93.1542   -53.5689    335.541   -16.2297   -0.54024   -89.2654   0.540073   -2.22895    90.0652   0.533647   0.354286   0.945768   0.996892   0.763581   0.782939   0.927958    0.97942   0.892708   0.763064    0.99172     0.9984   0.997043   0.540073   0.972882    0.99993 
 0.0342156    99.3227    36.7334     53.284    17.3718   -58.0399    149.938    44.9807     93.225   -53.9395    335.047   -16.2205  -0.541456   -89.2636   0.539781   -2.27908    90.0647   0.534777   0.354573   0.945785   0.996962   0.764005   0.782004    0.92795   0.979388   0.891246   0.763732   0.991843   0.998393   0.997028   0.539781   0.971654   0.999931 
 0.0342129    99.1858    36.7086    53.2852    17.1737   -57.9861    150.268    44.9835    93.2966   -54.3114    334.567   -16.2112  -0.542862   -89.2612   0.539516   -2.32974     90.064   0.535948   0.354871   0.945792   0.997031   0.764424    0.78108   0.927941   0.979357   0.889769   0.764381   0.991967   0.998385   0.997009   0.539516   0.970387   0.999933 
 0.0342118    99.0465    36.6844    53.2859    16.9775   -57.9333    150.596    44.9858    93.3669   -54.6827    334.069   -16.2019  -0.544358   -89.2602   0.539264   -2.37947    90.0637   0.537139    0.35516   0.945796   0.997099   0.764835   0.780162   0.927934   0.979326   0.888286   0.765053    0.99209   0.998376   0.997001   0.539264   0.969116   0.999933 
 0.0342124    98.9035    36.6589    53.2873    16.7838   -57.8822    150.918    44.9882    93.4367    -55.054    333.582   -16.1922  -0.545514   -89.2586   0.539014   -2.42886    90.0633   0.538361   0.355466   0.945804   0.997164   0.765233   0.779257   0.927926   0.979295   0.886793    0.76571   0.992216   0.998369   0.996987   0.539014   0.967827   0.999934 
 0.0342147    98.7569    36.6333    53.2875    16.5928   -57.8309    151.235    44.9908    93.5062   -55.4254    333.088   -16.1835  -0.546251   -89.2569    0.53878   -2.47808    90.0629   0.539613   0.355774   0.945806   0.997229   0.765632   0.778363   0.927918   0.979264   0.885291   0.766374    0.99233   0.998364   0.996974    0.53878   0.966517   0.999935 
 0.0342186    98.6077    36.6076    53.2876    16.4046   -57.7809    151.548    44.9931    93.5739   -55.7957    332.598   -16.1743  -0.546699   -89.2554   0.538554   -2.52604    90.0626   0.540885   0.356081   0.945806   0.997291    0.76602   0.777482   0.927911   0.979234   0.883783   0.767034   0.992449   0.998362   0.996961   0.538554   0.965217   0.999935 
 0.0342241    98.4548    36.5819    53.2865    16.2198   -57.7317    151.855    44.9954    93.6412   -56.1662    332.107   -16.1651  -0.548012   -89.2538    0.53835   -2.57368    90.0625   0.542188    0.35639     0.9458   0.997352   0.766402   0.776612   0.927904   0.979205   0.882266   0.767693   0.992566   0.998354   0.996948    0.53835     0.9639   0.999936 