 0.0440882    46.0869    34.0048    45.1536    37.4116   -93.9222    62.9191    43.4581   -93.7288   -22.1835    432.883   -15.3313    1.91347    -90.786    0.76974    2.56377    91.6025   0.892899   0.387065   0.887716   0.985937   0.422253   0.960395   0.932691   0.917531    0.98132   0.616404   0.999398   0.979991   0.996615    0.76974   0.964176   0.958445 
 0.0442239    46.6533    34.0235    45.1845    37.5429   -93.7511    63.2871    43.4706   -93.7562   -22.0551    431.974   -15.3557    1.90057   -90.7783   0.769407    2.58326    91.5909     0.8903   0.386843   0.887974   0.985839   0.424127   0.959933   0.932652   0.917484   0.981535   0.617902   0.999306   0.980259   0.996681   0.769407   0.963633   0.959035 
 0.0443549    47.2152    34.0413    45.2167    37.6722   -93.5795    63.6525    43.4828   -93.7831   -21.9291    431.089   -15.3801    1.88789   -90.7699   0.769052    2.60227    91.5796   0.887693   0.386634   0.888242   0.985741   0.426003   0.959473   0.932615   0.917437   0.981745   0.619359   0.999208   0.980521   0.996752   0.769052   0.963099   0.959607 
 0.0444814     47.773      34.06    45.2503    37.7994   -93.4088    64.0187    43.4949   -93.8089   -21.8056    430.191    -15.404    1.87527   -90.7621   0.768665    2.62062    91.5683   0.885076   0.386412   0.888523   0.985645   0.427869   0.959008   0.932578   0.917392   0.981949   0.620834   0.999105    0.98078   0.996817   0.768665    0.96258   0.960172 
 0.0446034    48.3293    34.0789    45.2847    37.9246   -93.2365    64.3853    43.5067   -93.8329   -21.6833    429.319   -15.4281    1.86255   -90.7543    0.76826    2.63769    91.5574   0.882438   0.386188   0.888809    0.98555    0.42975   0.958541   0.932542   0.917351   0.982151   0.622265   0.998995   0.981039   0.996882    0.76826   0.962094   0.960716 
 0.0447211    48.8831    34.0998    45.3192     38.047   -93.0634     64.753    43.5184   -93.8552    -21.563    428.448   -15.4512    1.85001   -90.7463   0.767842     2.6536    91.5464   0.879783   0.385941   0.889096   0.985457   0.431637   0.958069   0.932506   0.917312   0.982348   0.623692   0.998884   0.981292   0.996947   0.767842   0.961638   0.961259 
 0.0448344    49.4324    34.1195    45.3547    38.1674   -92.8899    65.1192    43.5299   -93.8771   -21.4453    427.604   -15.4742    1.83723   -90.7389   0.767405    2.66919    91.5357   0.877124   0.385708   0.889391   0.985365   0.433527   0.957597   0.932471   0.917274   0.982539   0.625073   0.998767   0.981549   0.997008   0.767405   0.961189   0.961789 
 0.0449434    49.9803    34.1404    45.3912    38.2859   -92.7159    65.4863    43.5411   -93.8968   -21.3289    426.762   -15.4976    1.82449   -90.7307   0.766942    2.68334    91.5251   0.874444   0.385461   0.889694   0.985274    0.43542   0.957121   0.932436   0.917239   0.982728   0.626448   0.998643   0.981803   0.997074   0.766942   0.960779   0.962303 
 0.0450483    50.5223    34.1607    45.4285    38.4018   -92.5417    65.8512    43.5523   -93.9168   -21.2158    425.935   -15.5197    1.81235   -90.7232   0.766463    2.69762    91.5146   0.871766   0.385221   0.890002   0.985185   0.437315   0.956645   0.932402   0.917205    0.98291   0.627798   0.998519   0.982044   0.997134   0.766463   0.960363   0.962816 
  0.045149    51.0627    34.1814    45.4668     38.516   -92.3669    66.2171    43.5631    -93.935    -21.104    425.116   -15.5424    1.79982   -90.7155    0.76596    2.71067    91.5044    0.86907   0.384976    0.89032   0.985097   0.439213   0.956166   0.932369   0.917173   0.983089   0.629132   0.998388   0.982291   0.997195    0.76596   0.959981   0.963307 
 0.0452458    51.5987    34.2027    45.5067    38.6277   -92.1933    66.5831    43.5741   -93.9523   -20.9951    424.288   -15.5646    1.78736   -90.7076   0.765424    2.72315     91.494    0.86637   0.384723    0.89065   0.985011   0.441097   0.955683   0.932335   0.917143   0.983263   0.630478   0.998252   0.982534   0.997256   0.765424   0.959614   0.963804 
 0.0453385    52.1318    34.2246    45.5452    38.7369   -92.0173    66.9476    43.5846   -93.9686   -20.8882    423.492   -15.5862    1.77483   -90.6997     0.7649    2.73489    91.4841   0.863659   0.384465   0.890967   0.984926   0.443004     0.9552   0.932303   0.917115   0.983432   0.631772   0.998116   0.982778   0.997317     0.7649   0.959268   0.964276 
 0.0454273    52.6603    34.2465    45.5855    38.8439   -91.8423     67.312    43.5951   -93.9845    -20.784    422.688   -15.6073    1.76233   -90.6923   0.764342    2.74635    91.4742   0.860947   0.384205   0.891299   0.984843   0.444899   0.954715   0.932271   0.917087   0.983597   0.633075   0.997978   0.983019   0.997374   0.764342   0.958928   0.964746 
 0.0455123    53.1863    34.2685    45.6254    38.9491   -91.6657     67.676    43.6055   -93.9989   -20.6818    421.915   -15.6288    1.75002   -90.6848   0.763781    2.75683    91.4642   0.858223   0.383945   0.891627   0.984761   0.446809   0.954228   0.932239   0.917062   0.983757   0.634328   0.997833   0.983255   0.997429   0.763781   0.958616   0.965215 
 0.0455934    53.7092    34.2908    45.6662     39.052    -91.489    68.0398    43.6155   -94.0125   -20.5817    421.141   -15.6499    1.73747   -90.6773   0.763199    2.76667    91.4547   0.855491   0.383681   0.891962    0.98468   0.448718   0.953738   0.932208   0.917038   0.983914   0.635581   0.997685   0.983493   0.997486   0.763199   0.958322   0.965658 
 0.0456709    54.2273    34.3129    45.7076    39.1526   -91.3125    68.4021    43.6256   -94.0257   -20.4845    420.379   -15.6706    1.72505   -90.6696     0.7626    2.77628    91.4451    0.85276   0.383419   0.892302   0.984602   0.450623   0.953248   0.932177   0.917015   0.984065   0.636812   0.997535   0.983728   0.997543     0.7626   0.958035   0.966106 
 0.0457446    54.7428    34.3357      45.75    39.2511   -91.1359    68.7651    43.6356   -94.0377   -20.3894    419.615   -15.6912    1.71283   -90.6619   0.761977    2.78507    91.4355    0.85002   0.383149   0.892649   0.984524   0.452527   0.952755   0.932146   0.916995   0.984212   0.638045   0.997382   0.983957   0.997598   0.761977    0.95777   0.966549 
 0.0458148    55.2547    34.3595    45.7919    39.3469   -90.9588    69.1283    43.6455   -94.0487   -20.2967     418.86   -15.7111    1.70006   -90.6546    0.76135     2.7932     91.426   0.847276   0.382867   0.892993   0.984449   0.454433   0.952258   0.932116   0.916975   0.984355   0.639262   0.997229   0.984194   0.997652    0.76135   0.957525   0.966985 
 0.0458814    55.7635    34.3823    45.8341    39.4413   -90.7804    69.4892     43.655   -94.0592   -20.2061    418.128   -15.7314    1.68779   -90.6468   0.760714    2.80088    91.4169   0.844526   0.382597   0.893337   0.984374   0.456353   0.951762   0.932086   0.916957   0.984494   0.640439   0.997068   0.984421   0.997707   0.760714   0.957293     0.9674 
 0.0459444    56.2677    34.4056    45.8774     39.533   -90.6031    69.8506    43.6648   -94.0692   -20.1185    417.394   -15.7509    1.67522   -90.6394   0.760052    2.80828    91.4074   0.841779   0.382321    0.89369   0.984302   0.458258   0.951264   0.932056    0.91694   0.984628    0.64162    0.99691   0.984652   0.997759   0.760052   0.957068   0.967827 
  0.046004    56.7702    34.4301    45.9194    39.6227   -90.4237    70.2113     43.674   -94.0777   -20.0325     416.67   -15.7705    1.66302   -90.6317   0.759397    2.81465    91.3985   0.839019   0.382031   0.894032    0.98423   0.460184   0.950763   0.932028   0.916925   0.984759   0.642782   0.996746   0.984874   0.997813   0.759397   0.956875   0.968227 
 0.0460602     57.267    34.4527    45.9636    39.7107    -90.246    70.5709    43.6836   -94.0865   -19.9498    415.961   -15.7902    1.65041   -90.6243   0.758707    2.82121    91.3892   0.836269   0.381762   0.894391   0.984161   0.462089   0.950262   0.931998   0.916909   0.984884    0.64392   0.996578   0.985102   0.997864   0.758707   0.956675   0.968644 
 0.0461131    57.7619    34.4761    46.0076    39.7959   -90.0664    70.9302    43.6928   -94.0943   -19.8688    415.263   -15.8088    1.63825   -90.6168   0.758011    2.82707    91.3803   0.833508   0.381485   0.894748   0.984093   0.464013   0.949758    0.93197   0.916896   0.985006   0.645036   0.996416    0.98532   0.997914   0.758011   0.956496   0.969041 
 0.0461626    58.2527    34.5002    46.0517    39.8795   -89.8875     71.289    43.7019   -94.1015   -19.7905    414.555   -15.8278    1.62596   -90.6093   0.757302     2.8325    91.3715    0.83075   0.381199   0.895106   0.984026   0.465926   0.949253   0.931942   0.916883   0.985124   0.646169   0.996245   0.985539   0.997965   0.757302    0.95633   0.969429 
 0.0462089    58.7395    34.5238    46.0967    39.9609   -89.7087    71.6472    43.7109   -94.1085   -19.7148    413.859   -15.8462     1.6135   -90.6022   0.756573    2.83781    91.3627   0.827994    0.38092    0.89547   0.983961   0.467837   0.948746   0.931914   0.916871   0.985237   0.647282   0.996076   0.985759   0.998013   0.756573   0.956168   0.969815 
  0.046252    59.2236    34.5484    46.1404    40.0396   -89.5284    72.0049      43.72   -94.1144   -19.6415    413.179   -15.8641    1.60131   -90.5948   0.755852    2.84235    91.3538   0.825233   0.380628   0.895822   0.983898   0.469762   0.948237   0.931886   0.916861   0.985346   0.648366   0.995908   0.985973   0.998061   0.755852   0.956028   0.970202 
 0.0462919     59.704    34.5725    46.1852    40.1169   -89.3486     72.362    43.7289   -94.1199   -19.5705    412.503   -15.8825    1.58886   -90.5873   0.755108    2.84657    91.3451   0.822473   0.380342   0.896184   0.983836   0.471678   0.947727   0.931859   0.916851   0.985452   0.649443   0.995733    0.98619   0.998109   0.755108   0.955899   0.970581 
 0.0463287    60.1798    34.5957    46.2304    40.1921   -89.1693    72.7168    43.7377   -94.1254   -19.5025    411.842   -15.9005    1.57608   -90.5792   0.754353    2.85082    91.3365   0.819721   0.380067   0.896548   0.983775   0.473587   0.947218   0.931832   0.916842   0.985552   0.650495   0.995557   0.986411   0.998161   0.754353   0.955768   0.970952 
 0.0463624    60.6542    34.6206    46.2746     40.265    -88.988    73.0731    43.7464   -94.1295    -19.436    411.183   -15.9181    1.56386    -90.572   0.753597    2.85412     91.328   0.816958   0.379772   0.896903   0.983716   0.475516   0.946704   0.931805   0.916835    0.98565   0.651544   0.995382    0.98662   0.998206   0.753597   0.955666   0.971314 
  0.046393    61.1237    34.6443    46.3202    40.3361   -88.8077    73.4279    43.7551   -94.1338   -19.3726    410.533   -15.9355    1.55145   -90.5647   0.752818    2.85758    91.3194   0.814205    0.37949   0.897269   0.983659   0.477431    0.94619   0.931778   0.916827   0.985744   0.652576   0.995206   0.986831   0.998252   0.752818   0.955559   0.971681 
 0.0464207    61.5912    34.6697    46.3649    40.4045   -88.6266    73.7833    43.7637   -94.1368   -19.3113    409.884   -15.9524    1.53879   -90.5569   0.752039    2.86008     91.311   0.811445    0.37919   0.897627   0.983604   0.479353   0.945673   0.931752   0.916822   0.985834   0.653604    0.99503   0.987045     0.9983   0.752039   0.955482   0.972037 
 0.0464454    62.0566    34.6938    46.4111    40.4712   -88.4443    74.1387    43.7721   -94.1391   -19.2516    409.254   -15.9694    1.52681   -90.5496   0.751232    2.86212    91.3026    0.80868   0.378903   0.897996    0.98355   0.481284   0.945153   0.931726   0.916818   0.985921   0.654603   0.994851   0.987245   0.998344   0.751232   0.955419   0.972389 
 0.0464672    62.5154    34.7182    46.4564    40.5365   -88.2636    74.4912    43.7805   -94.1424   -19.1957    408.613   -15.9864    1.51434   -90.5424   0.750429    2.86479    91.2944   0.805936   0.378614   0.898358   0.983497   0.483197   0.944635     0.9317   0.916812   0.986002   0.655617    0.99467   0.987452   0.998388   0.750429   0.955336   0.972733 
 0.0464861    62.9716    34.7429    46.5019    40.5994   -88.0828     74.844    43.7888   -94.1447    -19.142    407.982   -16.0029    1.50144   -90.5348   0.749615    2.86686    91.2862    0.80319   0.378321   0.898721   0.983446   0.485109   0.944114   0.931674   0.916808    0.98608   0.656614   0.994491   0.987665   0.998432   0.749615   0.955272   0.973076 
 0.0465022    63.4259    34.7675    46.5471    40.6602   -87.8999    75.1971    43.7973   -94.1461   -19.0902    407.377   -16.0192    1.48923   -90.5279   0.748796    2.86825    91.2777   0.800439   0.378029    0.89908   0.983396    0.48704   0.943591   0.931648   0.916806   0.986155    0.65757    0.99431   0.987864   0.998472   0.748796   0.955229   0.973423 
 0.0465155    63.8761    34.7918    46.5938    40.7189   -87.7186    75.5493    43.8055   -94.1475   -19.0411    406.758   -16.0352    1.47667   -90.5203   0.747948    2.86964    91.2696   0.797696    0.37774   0.899451   0.983348   0.488952   0.943066   0.931623   0.916803   0.986226   0.658545    0.99413   0.988068   0.998516   0.747948   0.955186   0.973759 
 0.0465261    64.3249    34.8173     46.639    40.7756   -87.5353    75.9023    43.8137   -94.1473   -18.9938    406.157   -16.0514    1.46422   -90.5128   0.747109    2.86993    91.2614   0.794945   0.377438    0.89981   0.983302   0.490883   0.942538   0.931598   0.916804   0.986295   0.659492   0.993945   0.988268   0.998559   0.747109   0.955177   0.974092 
 0.0465339    64.7681    34.8412    46.6854    40.8311   -87.3531    76.2522    43.8217   -94.1484   -18.9496    405.557   -16.0672    1.45212   -90.5056    0.74625    2.87112    91.2533   0.792212   0.377154   0.900177   0.983257     0.4928   0.942012   0.931573   0.916802   0.986358   0.660436   0.993762    0.98846   0.998599    0.74625    0.95514   0.974419 
  0.046539    65.2091    34.8662    46.7311    40.8837   -87.1703    76.6029    43.8298   -94.1483   -18.9076    404.965   -16.0824    1.43965   -90.4979   0.745389    2.87148    91.2453   0.789477   0.376857   0.900538   0.983214   0.494721   0.941483   0.931548   0.916802   0.986418   0.661366   0.993583   0.988657   0.998641   0.745389   0.955129   0.974745 
 0.0465415    65.6471    34.8906    46.7774    40.9348   -86.9875    76.9537    43.8379   -94.1478    -18.868    404.383    -16.098    1.42691   -90.4905   0.744512    2.87153    91.2371   0.786745   0.376567   0.900904   0.983172   0.496639   0.940951   0.931523   0.916803   0.986475    0.66228   0.993397   0.988857   0.998681   0.744512   0.955128   0.975069 
 0.0465414    66.0819     34.915    46.8238    40.9839   -86.8047    77.3033    43.8457    -94.147   -18.8306    403.803   -16.1132    1.41408   -90.4828   0.743626     2.8714    91.2293   0.784017   0.376277   0.901269   0.983132   0.498555   0.940419   0.931499   0.916804   0.986528    0.66319   0.993212   0.989056   0.998722   0.743626   0.955132    0.97538 
 0.0465387    66.5144    34.9397    46.8701    41.0309   -86.6207    77.6537    43.8536   -94.1454   -18.7954    403.234   -16.1282     1.4017   -90.4756   0.742732    2.87073    91.2214   0.781289   0.375983   0.901633   0.983093   0.500481   0.939883   0.931474   0.916807   0.986579   0.664082   0.993029   0.989246    0.99876   0.742732   0.955152   0.975695 
 0.0465334    66.9425    34.9638     46.917    41.0765   -86.4377    78.0024    43.8616   -94.1442    -18.763    402.665   -16.1432    1.38932   -90.4681   0.741822    2.87032    91.2133   0.778574   0.375697   0.902001   0.983055   0.502394   0.939347    0.93145   0.916809   0.986625   0.664972   0.992843   0.989435   0.998799   0.741822   0.955165   0.976011 
 0.0465257    67.3674     34.989    46.9622    41.1194   -86.2541    78.3504    43.8693   -94.1427   -18.7333    402.105   -16.1572    1.37636   -90.4604   0.740927    2.86963    91.2055   0.775864   0.375398   0.902355    0.98302   0.504311   0.938811   0.931426   0.916812   0.986667   0.665848   0.992666   0.989631   0.998838   0.740927   0.955186   0.976315 
 0.0465154     67.791    35.0134    47.0092    41.1609   -86.0698    78.6998     43.877     -94.14    -18.705    401.547   -16.1718    1.36406   -90.4532   0.739997     2.8682    91.1977   0.773149   0.375107   0.902722   0.982986   0.506233   0.938269   0.931402   0.916816   0.986707   0.666719    0.99248   0.989815   0.998874   0.739997   0.955231   0.976618 
 0.0465028     68.211     35.038    47.0552    41.2004   -85.8851    79.0479    43.8848   -94.1373   -18.6794    401.003   -16.1861    1.35168   -90.4458   0.739073    2.86673    91.1899   0.770442   0.374815   0.903082   0.982953   0.508156   0.937728   0.931378   0.916821   0.986743   0.667568   0.992297   0.989999   0.998911   0.739073   0.955276   0.976919 
 0.0464877    68.6273    35.0622    47.1012     41.238   -85.7007    79.3951    43.8924   -94.1347   -18.6564    400.467   -16.1999    1.33874   -90.4385   0.738143    2.86531    91.1822   0.767746   0.374527    0.90344   0.982922   0.510074   0.937185   0.931355   0.916826   0.986776   0.668403   0.992116   0.990189   0.998946   0.738143    0.95532   0.977213 
 0.0464702    69.0422     35.087    47.1484    41.2736    -85.516    79.7442       43.9   -94.1308   -18.6352    399.922    -16.214    1.32628   -90.4311   0.737185    2.86301    91.1745   0.765045   0.374233   0.903807   0.982893   0.511992   0.936638   0.931331   0.916832   0.986806   0.669252    0.99193   0.990371   0.998981   0.737185   0.955392   0.977508 
 0.0464504    69.4515    35.1125    47.1939    41.3075   -85.3326    80.0908    43.9078   -94.1277   -18.6176    399.373   -16.2275    1.31359   -90.4234   0.736242    2.86129    91.1665   0.762367   0.373929    0.90416   0.982865   0.513895   0.936092   0.931307   0.916838   0.986831   0.670105    0.99175   0.990554   0.999017   0.736242   0.955445   0.977809 
 0.0464282    69.8591    35.1366    47.2395    41.3398    -85.147    80.4364    43.9153   -94.1242   -18.6015    398.858    -16.241     1.3011   -90.4161   0.735292    2.85926     91.159   0.759687   0.373643   0.904514   0.982838   0.515817   0.935545   0.931284   0.916844   0.986854   0.670906   0.991567   0.990732   0.999051   0.735292   0.955508   0.978094 
 0.0464038    70.2658    35.1605    47.2874    41.3694   -84.9619    80.7857    43.9228   -94.1193   -18.5872    398.338   -16.2542    1.28815   -90.4091   0.734299    2.85623    91.1513   0.757001   0.373358   0.904885   0.982814   0.517732    0.93499   0.931261   0.916852   0.986874   0.671713   0.991387   0.990915   0.999082   0.734299   0.955601   0.978381 
 0.0463771    70.6682    35.1855    47.3325    41.3976   -84.7756    81.1312      43.93   -94.1149   -18.5757    397.823   -16.2672    1.27584   -90.4016   0.733338    2.85353    91.1439    0.75433   0.373062   0.905232    0.98279   0.519656   0.934439   0.931238    0.91686    0.98689   0.672512   0.991208   0.991088   0.999116   0.733338   0.955684   0.978655 
 0.0463482     71.067    35.2099    47.3787    41.4237   -84.5906    81.4776    43.9378   -94.1101   -18.5671    397.317   -16.2798    1.26321   -90.3941   0.732354    2.85066    91.1359    0.75167    0.37277   0.905589   0.982769   0.521565   0.933884   0.931214   0.916868   0.986902   0.673296   0.991033   0.991263   0.999149   0.732354   0.955773   0.978951 
 0.0463171    71.4634    35.2344    47.4248    41.4486   -84.4052    81.8234    43.9451   -94.1052   -18.5603    396.804   -16.2929    1.25044   -90.3867   0.731363     2.8476    91.1284   0.749015    0.37248   0.905944   0.982748   0.523475   0.933328   0.931191   0.916877   0.986912   0.674089   0.990849   0.991439    0.99918   0.731363   0.955867   0.979224 
 0.0462839    71.8577    35.2585    47.4709    41.4712    -84.219    82.1696    43.9524   -94.0995   -18.5557    396.311   -16.3056    1.23758   -90.3792   0.730363    2.84404    91.1209   0.746361   0.372192   0.906298   0.982729   0.525391   0.932769   0.931169   0.916887   0.986918   0.674852   0.990669   0.991614   0.999212   0.730363   0.955976   0.979498 
 0.0462485     72.249    35.2825    47.5184    41.4918   -84.0336    82.5161      43.96   -94.0937   -18.5536    395.812   -16.3178    1.22507   -90.3716   0.729337    2.84039    91.1132   0.743716   0.371907   0.906662   0.982712   0.527295   0.932207   0.931145   0.916897   0.986921   0.675624   0.990493   0.991782   0.999243   0.729337   0.956088   0.979778 
  0.046211    72.6376    35.3073    47.5634    41.5103    -83.847    82.8624    43.9673   -94.0873    -18.554    395.328   -16.3298    1.21192   -90.3642   0.728335    2.83636    91.1056   0.741078   0.371611   0.907006   0.982697    0.52921   0.931644   0.931123   0.916908   0.986921   0.676369   0.990319   0.991957   0.999273   0.728335   0.956212    0.98005 
 0.0461714    73.0231    35.3317    47.6096    41.5279   -83.6607    83.2073    43.9743   -94.0813   -18.5563     394.83   -16.3421    1.19955   -90.3568    0.72731    2.83256    91.0984   0.738449   0.371321   0.907359   0.982682   0.531118    0.93108   0.931101   0.916919   0.986917   0.677138   0.990139   0.992121   0.999302    0.72731   0.956328   0.980308 
 0.0461298    73.4063    35.3559     47.656     41.543   -83.4744    83.5536    43.9818   -94.0744   -18.5612    394.351   -16.3542    1.18677   -90.3493   0.726273    2.82811    91.0907   0.735825   0.371033   0.907713   0.982669   0.533025   0.930512   0.931078   0.916931    0.98691   0.677876   0.989962   0.992287   0.999331   0.726273   0.956464   0.980581 
 0.0460861    73.7859    35.3804    47.7006    41.5566   -83.2874     83.898    43.9889   -94.0679   -18.5686    393.878   -16.3657    1.17392   -90.3419   0.725254    2.82399    91.0833   0.733214   0.370741   0.908052   0.982658   0.534934   0.929945   0.931056   0.916942     0.9869   0.678605   0.989791   0.992453   0.999359   0.725254    0.95659   0.980841 
 0.0460405     74.164    35.4038    47.7473    41.5681   -83.1004    84.2433    43.9962   -94.0605   -18.5779    393.414   -16.3773    1.16152   -90.3341   0.724198    2.81925    91.0757   0.730604   0.370462   0.908407   0.982649   0.536842   0.929374   0.931033   0.916955   0.986887   0.679317   0.989617   0.992612   0.999388   0.724198   0.956735   0.981105 
 0.0459929     74.539    35.4275    47.7931    41.5782   -82.9131    84.5886    44.0033   -94.0532   -18.5895    392.954   -16.3888    1.14858   -90.3271   0.723147    2.81452    91.0684   0.728004   0.370181   0.908755    0.98264    0.53875   0.928801   0.931011   0.916968   0.986871   0.680025   0.989442   0.992775   0.999413   0.723147   0.956879    0.98136 
 0.0459433    74.9121    35.4521    47.8395    41.5853   -82.7265    84.9363    44.0106   -94.0446   -18.6036    392.484   -16.3999    1.13541   -90.3196   0.722076    2.80898    91.0608   0.725407   0.369887   0.909106   0.982634   0.540649   0.928221   0.930989   0.916982   0.986851   0.680746   0.989273    0.99294    0.99944   0.722076   0.957047   0.981622 
 0.0458919    75.2821    35.4756    47.8861    41.5914   -82.5393    85.2815    44.0175   -94.0366   -18.6198    392.026    -16.411    1.12268   -90.3117   0.720997    2.80372    91.0536    0.72282   0.369608   0.909458   0.982629    0.54255   0.927644   0.930967   0.916996   0.986828   0.681447   0.989103   0.993097   0.999467   0.720997   0.957207    0.98187 
 0.0458385    75.6482    35.4993    47.9312    41.5962   -82.3523    85.6254    44.0247   -94.0289   -18.6388    391.576   -16.4221     1.1098    -90.304   0.719933    2.79873    91.0461   0.720252   0.369325   0.909799   0.982625   0.544447   0.927066   0.930945    0.91701   0.986801   0.682137   0.988932   0.993254   0.999493   0.719933   0.957358   0.982124 
 0.0457834    76.0124    35.5241    47.9762    41.5987   -82.1649    85.9714    44.0321   -94.0201   -18.6601    391.119    -16.433    1.09719   -90.2969   0.718859    2.79304    91.0385   0.717686    0.36903   0.910137   0.982623   0.546345   0.926483   0.930922   0.917025   0.986771   0.682837   0.988761   0.993406   0.999517   0.718859    0.95753   0.982383 
 0.0457264    76.3753    35.5476    48.0222     41.599   -81.9767    86.3176    44.0388   -94.0108    -18.683    390.677   -16.4435    1.08419   -90.2892   0.717764    2.78693    91.0314    0.71512   0.368749   0.910483   0.982623   0.548248   0.925897   0.930901   0.917041   0.986738   0.683513   0.988596   0.993562   0.999541   0.717764   0.957714   0.982621 
 0.0456676     76.735    35.5709    48.0684    41.5973   -81.7892    86.6637    44.0459   -94.0016   -18.7086    390.243   -16.4537    1.07115   -90.2816   0.716659    2.78087     91.024   0.712568   0.368472    0.91083   0.982624   0.550142   0.925309   0.930879   0.917057   0.986702   0.684176   0.988436   0.993715   0.999565   0.716659   0.957897   0.982867 
  0.045607    77.0921    35.5945    48.1138    41.5947    -81.601    87.0099    44.0531   -93.9918   -18.7364    389.811   -16.4646    1.05827   -90.2742   0.715557    2.77441    91.0165   0.710024    0.36819    0.91117   0.982627   0.552039   0.924719   0.930857   0.917074   0.986663   0.684836   0.988262   0.993866   0.999588   0.715557   0.958091   0.983116 
 0.0455447    77.4462    35.6183    48.1592    41.5896   -81.4132    87.3559    44.0602   -93.9822   -18.7668    389.376   -16.4745    1.04556   -90.2668   0.714446     2.7681     91.009   0.707492   0.367906    0.91151   0.982631    0.55393   0.924127   0.930835   0.917091   0.986619   0.685499   0.988103   0.994012    0.99961   0.714446    0.95828   0.983361 
 0.0454806    77.7986    35.6416    48.2051    41.5826   -81.2248    87.7023    44.0671   -93.9718   -18.7991    388.952   -16.4844    1.03274   -90.2589   0.713322    2.76127    91.0018   0.704964   0.367629   0.911852   0.982637   0.555823   0.923532   0.930813   0.917109   0.986573   0.686146   0.987942   0.994158   0.999632   0.713322   0.958484   0.983599 
 0.0454149     78.148    35.6646    48.2505    41.5744   -81.0365    88.0488     44.074   -93.9615   -18.8339    388.536   -16.4946    1.01947   -90.2516   0.712198    2.75442    90.9944   0.702448   0.367354    0.91219   0.982643   0.557714   0.922934   0.930792   0.917127   0.986524   0.686779   0.987776   0.994307   0.999653   0.712198   0.958688   0.983835 
 0.0453475    78.4952    35.6878    48.2968    41.5637   -80.8482    88.3955     44.081   -93.9508   -18.8708    388.112   -16.5042    1.00707   -90.2439   0.711053    2.74735    90.9871   0.699939   0.367078   0.912534   0.982652     0.5596   0.922334    0.93077   0.917146   0.986471   0.687425    0.98762   0.994444   0.999674   0.711053   0.958899   0.984071 
 0.0452785    78.8396    35.7111    48.3421    41.5516   -80.6601     88.743     44.088   -93.9398   -18.9103    387.695   -16.5139   0.993645   -90.2366   0.709914    2.74004    90.9798   0.697442   0.366799    0.91287   0.982662   0.561483    0.92173   0.930749   0.917165   0.986414   0.688058   0.987459   0.994591   0.999693   0.709914   0.959116   0.984305 
 0.0452079    79.1813    35.7351    48.3862    41.5374   -80.4713    89.0894    44.0949   -93.9288   -18.9522    387.281   -16.5231   0.980875    -90.229   0.708782    2.73272    90.9725   0.694957   0.366514   0.913197   0.982674   0.563369   0.921126   0.930727   0.917184   0.986354   0.688687   0.987307   0.994729   0.999713   0.708782   0.959332   0.984536 
 0.0451357    79.5204    35.7573    48.4321    41.5216   -80.2829    89.4358    44.1017   -93.9179   -18.9961     386.88   -16.5321    0.96806   -90.2214   0.707623     2.7255    90.9653   0.692481   0.366248   0.913536   0.982687   0.565248    0.92052   0.930706   0.917203   0.986291   0.689296   0.987158   0.994866   0.999731   0.707623   0.959545   0.984764 
 0.0450619     79.858    35.7814    48.4767    41.5033   -80.0939    89.7849    44.1087   -93.9055   -19.0425    386.468   -16.5411   0.955203   -90.2141   0.706467    2.71725    90.9579   0.690009    0.36596   0.913866   0.982703   0.567131   0.919907   0.930684   0.917224   0.986224   0.689921   0.987006   0.995001   0.999749   0.706467   0.959788   0.984996 
 0.0449866    80.1926    35.8043    48.5219    41.4837   -79.9052    90.1322    44.1154   -93.8936   -19.0911    386.066   -16.5501    0.94224   -90.2062   0.705301    2.70931    90.9507   0.687551   0.365687   0.914198   0.982719   0.569007   0.919294   0.930663   0.917245   0.986154    0.69053   0.986855   0.995136   0.999767   0.705301   0.960021   0.985217 
 0.0449098    80.5251    35.8269    48.5674    41.4618   -79.7168    90.4817    44.1225   -93.8808   -19.1422    385.678   -16.5588   0.928597   -90.1985   0.704122    2.70076    90.9432   0.685101   0.365418   0.914533   0.982737   0.570878   0.918676   0.930641   0.917267    0.98608   0.691118   0.986706   0.995276   0.999784   0.704122   0.960272   0.985448 
 0.0448316    80.8548    35.8493    48.6131    41.4385    -79.528    90.8302    44.1294   -93.8684   -19.1954    385.285   -16.5674   0.915959   -90.1911   0.702933    2.69247    90.9359   0.682663    0.36515   0.914868   0.982756   0.572749   0.918057    0.93062   0.917289   0.986003   0.691712   0.986559   0.995403     0.9998   0.702933   0.960513   0.985673 
 0.0447518    81.1828    35.8726    48.6577    41.4129   -79.3385    91.1794    44.1361   -93.8552   -19.2509     384.89   -16.5759   0.903201   -90.1832   0.701749    2.68355    90.9288    0.68023   0.364872   0.915195   0.982778   0.574624   0.917435   0.930599   0.917312   0.985922   0.692309   0.986414    0.99553   0.999816   0.701749   0.960773   0.985888 
 0.0446707    81.5081    35.8951    48.7026    41.3858   -79.1493    91.5302    44.1432   -93.8414   -19.3089    384.512   -16.5846    0.88983   -90.1762   0.700556    2.67435    90.9212    0.67781   0.364603   0.915524     0.9828   0.576494   0.916807   0.930577   0.917336   0.985837    0.69288   0.986264   0.995662    0.99983   0.700556    0.96104   0.986116 
 0.0445882    81.8311    35.9177    48.7477     41.356   -78.9601      91.88      44.15   -93.8277   -19.3691    384.135   -16.5922   0.877118    -90.168   0.699353    2.66514    90.9139     0.6754   0.364334   0.915852   0.982825   0.578361   0.916179   0.930556    0.91736   0.985749    0.69345   0.986132   0.995785   0.999845   0.699353   0.961306   0.986334 
 0.0445043    82.1506    35.9397    48.7924    41.3263   -78.7715     92.229    44.1567   -93.8145   -19.4316    383.753   -16.6009    0.86368   -90.1605   0.698151    2.65627    90.9068   0.673008   0.364071   0.916178   0.982849   0.580218    0.91555   0.930535   0.917382   0.985657   0.694025   0.985981   0.995913   0.999859   0.698151   0.961561   0.986544 
  0.044419    82.4694     35.962    48.8378    41.2927   -78.5818    92.5814    44.1635   -93.7999   -19.4962    383.379   -16.6084    0.85089   -90.1534   0.696926    2.64642    90.8995   0.670615   0.363804   0.916508   0.982877   0.582083   0.914913   0.930514   0.917408   0.985562   0.694589   0.985848   0.996033   0.999871   0.696926   0.961844   0.986759 
 0.0443324    82.7851    35.9847    48.8813    41.2577   -78.3919    92.9321    44.1703   -93.7852   -19.5636    383.018   -16.6159   0.837946   -90.1453   0.695723    2.63652    90.8922   0.668238   0.363533   0.916824   0.982906   0.583948   0.914276   0.930493   0.917433   0.985462   0.695133   0.985717   0.996152   0.999884   0.695723   0.962127   0.986973 
 0.0442446    83.0983    36.0073    48.9262    41.2209   -78.2033     93.285    44.1773   -93.7701   -19.6334    382.642   -16.6238     0.8245   -90.1376   0.694494    2.62632    90.8848   0.665874   0.363264    0.91715   0.982936   0.585796   0.913634   0.930471    0.91746   0.985358   0.695699   0.985578   0.996275   0.999896   0.694494   0.962418   0.987187 
 0.0441554    83.4093    36.0283    48.9722    41.1824   -78.0144    93.6374     44.184   -93.7551    -19.705    382.283   -16.6311   0.811397   -90.1301   0.693246    2.61623    90.8775   0.663519   0.363012   0.917482   0.982968   0.587645    0.91299    0.93045   0.917486   0.985252   0.696239   0.985447   0.996392   0.999907   0.693246   0.962704   0.987395 
 0.0440651    83.7174    36.0507    49.0159    41.1423   -77.8252    93.9895    44.1908     -93.74   -19.7794    381.918   -16.6384   0.798415   -90.1224   0.692019    2.60604    90.8703    0.66118   0.362744   0.917797   0.983001   0.589493   0.912344   0.930429   0.917512    0.98514   0.696787   0.985317   0.996507   0.999918   0.692019   0.962992   0.987602 
 0.0439735    84.0248    36.0726    49.0612    41.0989   -77.6353    94.3451    44.1976   -93.7234   -19.8557    381.563   -16.6454   0.785484   -90.1151   0.690761    2.59477    90.8629   0.658839   0.362484   0.918124   0.983037   0.591345   0.911689   0.930408   0.917541   0.985026   0.697321   0.985192   0.996619   0.999927   0.690761    0.96331    0.98781 
 0.0438807    84.3291     36.095    49.1058    41.0541   -77.4461    94.7005    44.2044   -93.7068   -19.9347    381.197   -16.6526   0.772444   -90.1075   0.689507    2.58352    90.8556   0.656516   0.362216   0.918444   0.983074   0.593187   0.911033   0.930387   0.917569   0.984906    0.69787   0.985063    0.99673   0.999937   0.689507   0.963625   0.988016 
 0.0437868      84.63     36.117    49.1492    41.0081   -77.2569    95.0544    44.2113   -93.6905   -20.0164    380.851   -16.6594   0.759155   -90.0996   0.688266    2.57252    90.8481   0.654213   0.361953   0.918756   0.983112   0.595026   0.910376   0.930365   0.917598   0.984783   0.698389   0.984939   0.996842   0.999946   0.688266   0.963933   0.988223 
 0.0436918    84.9294    36.1377    49.1937    40.9601   -77.0672    95.4087    44.2179   -93.6741   -20.0996    380.515    -16.666   0.746099   -90.0919   0.687002    2.56137     90.841   0.651915   0.361705   0.919074   0.983151   0.596866   0.909717   0.930345   0.917626   0.984656   0.698892   0.984819   0.996949   0.999954   0.687002   0.964243   0.988418 
 0.0435956    85.2268    36.1595    49.2389    40.9094   -76.8785    95.7667    44.2247   -93.6563   -20.1857    380.157   -16.6728   0.732776   -90.0842   0.685721    2.54929    90.8336   0.649627   0.361445   0.919398   0.983193   0.598694   0.909049   0.930323   0.917657   0.984525   0.699428   0.984696   0.997057   0.999961   0.685721   0.964577   0.988619 
 0.0434984    85.5213    36.1814    49.2822    40.8572   -76.6891    96.1234    44.2315   -93.6388   -20.2743    379.817   -16.6791   0.719471   -90.0767    0.68446     2.5374    90.8263   0.647355   0.361183   0.919706   0.983235   0.600526   0.908381   0.930302   0.917687   0.984389   0.699937   0.984581   0.997163   0.999968    0.68446   0.964905   0.988818 
 0.0434001     85.814    36.2024    49.3265     40.803   -76.4994    96.4812    44.2382   -93.6207   -20.3649     379.48   -16.6856   0.706465    -90.069   0.683177    2.52507     90.819   0.645091   0.360931   0.920022    0.98328   0.602357   0.907708   0.930281   0.917719    0.98425   0.700441   0.984461   0.997265   0.999974   0.683177   0.965243   0.989013 
 0.0433008    86.1043    36.2239    49.3712    40.7463   -76.3108    96.8404     44.245   -93.6021   -20.4582    379.134   -16.6917   0.693406   -90.0611   0.681882    2.51244    90.8116   0.642841   0.360674    0.92034   0.983326   0.604175   0.907031    0.93026   0.917751   0.984106   0.700958    0.98435   0.997365    0.99998   0.681882   0.965588    0.98921 
 0.0432005    86.3912    36.2449    49.4147    40.6888   -76.1219    97.1982    44.2519   -93.5841   -20.5538    378.805   -16.6978   0.680271   -90.0534   0.680601    2.50017    90.8042    0.64061   0.360423   0.920648   0.983373   0.605992   0.906353   0.930239   0.917782   0.983957    0.70145   0.984237   0.997464   0.999984   0.680601   0.965921   0.989407 
 0.0430993    86.6775     36.267    49.4576    40.6277   -75.9318    97.5589    44.2585   -93.5643   -20.6518     378.47   -16.7034   0.667372   -90.0455   0.679315     2.4867    90.7969    0.63838   0.360159   0.920952   0.983423   0.607817   0.905668   0.930218   0.917816   0.983804   0.701949   0.984132   0.997559   0.999989   0.679315   0.966285   0.989595 
  0.042997    86.9608    36.2869    49.5029    40.5655   -75.7434    97.9204    44.2653   -93.5448    -20.752    378.145   -16.7093   0.653838    -90.038   0.677997    2.47341    90.7896   0.636167   0.359921   0.921273   0.983473   0.609623   0.904979   0.930197    0.91785   0.983647   0.702434   0.984024   0.997657   0.999992   0.677997   0.966643   0.989785 
 0.0428939    87.2417    36.3074    49.5471    40.5012   -75.5544    98.2816    44.2719   -93.5253   -20.8545     377.82   -16.7147   0.640952   -90.0305   0.676685    2.46009    90.7823   0.633968   0.359676   0.921584   0.983525   0.611432   0.904288   0.930176   0.917884   0.983485   0.702918   0.983922   0.997748   0.999995   0.676685   0.966999   0.989972 
 0.0427899    87.5208    36.3287    49.5907    40.4338   -75.3656    98.6454    44.2787   -93.5044     -20.96    377.493   -16.7197   0.627526   -90.0224   0.675374    2.44582    90.7749   0.631779   0.359421   0.921891    0.98358   0.613235    0.90359   0.930155    0.91792   0.983318   0.703404   0.983827   0.997842   0.999997   0.675374   0.967379    0.99016 
  0.042685    87.7974    36.3489    49.6355    40.3656   -75.1773    99.0097    44.2853   -93.4836   -21.0675    377.165   -16.7255   0.614166   -90.0148   0.674042    2.43156    90.7676   0.629604   0.359179   0.922207   0.983635   0.615031   0.902888   0.930134   0.917956   0.983147   0.703894   0.983719   0.997932   0.999999   0.674042   0.967756   0.990344 
 0.0425793    88.0717    36.3692    49.6785     40.295   -74.9877    99.3731    44.2918   -93.4625   -21.1772    376.857   -16.7305   0.601227   -90.0069   0.672728    2.41719    90.7605   0.627441   0.358936   0.922508   0.983692   0.616836   0.902186   0.930114   0.917993   0.982972   0.704352   0.983626   0.998019          1   0.672728   0.968134   0.990522 
 0.0424728    88.3435    36.3894    49.7224    40.2223   -74.7993    99.7383    44.2985   -93.4411   -21.2897     376.54   -16.7354   0.588026    -89.999   0.671397     2.4025    90.7531   0.625294   0.358694   0.922815   0.983751   0.618626   0.901478   0.930093    0.91803   0.982791   0.704822   0.983532   0.998105          1   0.671397   0.968518   0.990703 
 0.0423655    88.6125    36.4103    49.7659    40.1475   -74.6116    100.105    44.3056    -93.419    -21.405    376.217   -16.7404   0.574802   -89.9911   0.670065    2.38738    90.7454   0.623164   0.358444   0.923119   0.983811   0.620406   0.900764   0.930071   0.918068   0.982605   0.705302   0.983438   0.998189          1   0.670065   0.968911   0.990892 
 0.0422575    88.8792    36.4302    49.8091    40.0711   -74.4234    100.472    44.3123   -93.3974   -21.5222     375.91   -16.7448    0.56163   -89.9841   0.668732    2.37258    90.7381   0.621048   0.358207   0.923421   0.983873   0.622188   0.900048    0.93005   0.918105   0.982414   0.705758   0.983354   0.998271   0.999999   0.668732   0.969293   0.991069 
 0.0421487    89.1441    36.4501    49.8524    39.9919   -74.2353     100.84    44.3191   -93.3742   -21.6422    375.608   -16.7494   0.548216   -89.9757   0.667393    2.35667    90.7306   0.618942   0.357968   0.923722   0.983936   0.623966   0.899327   0.930029   0.918146   0.982218   0.706205   0.983267   0.998353   0.999997   0.667393   0.969702    0.99125 
 0.0420392    89.4073    36.4699    49.8966    39.9101   -74.0471     101.21    44.3256   -93.3507   -21.7642    375.293   -16.7536   0.535462   -89.9681   0.666032    2.34058    90.7234   0.616844   0.357731    0.92403   0.984002   0.625741   0.898599   0.930009   0.918186   0.982018   0.706673   0.983186   0.998428   0.999994   0.666032   0.970112   0.991421 
 0.0419291    89.6671    36.4898    49.9388    39.8276   -73.8591    101.579    44.3323   -93.3274   -21.8891    374.994   -16.7581   0.522198     -89.96   0.664696    2.32456     90.716   0.614771   0.357493   0.924322   0.984067   0.627512   0.897871   0.929988   0.918226   0.981811   0.707116   0.983101   0.998505   0.999991   0.664696   0.970518   0.991595 
 0.0418183     89.925    36.5101    49.9823    39.7416    -73.672    101.952    44.3391   -93.3031   -22.0165    374.677   -16.7618   0.509194   -89.9525   0.663336    2.30791    90.7085   0.612707   0.357249   0.924623   0.984136    0.62927   0.897134   0.929967   0.918268     0.9816   0.707585   0.983028   0.998579   0.999988   0.663336   0.970936    0.99177 
  0.041707    90.1806    36.5291    50.0262    39.6541    -73.485    102.324    44.3459   -93.2784   -22.1462    374.377    -16.766   0.495836   -89.9445   0.661967     2.2909     90.701   0.610658   0.357022   0.924927   0.984206   0.631025   0.896394   0.929946   0.918311   0.981383   0.708029   0.982948   0.998652   0.999983   0.661967   0.971361   0.991941 
  0.041595    90.4339    36.5484    50.0689    39.5645   -73.2977    102.698    44.3524   -93.2532   -22.2785    374.082   -16.7699   0.482246   -89.9367   0.660609    2.27362    90.6937   0.608623   0.356791   0.925221   0.984277   0.632779    0.89565   0.929925   0.918354   0.981161   0.708466   0.982874   0.998725   0.999978   0.660609   0.971789   0.992108 
 0.0414825    90.6847    36.5685    50.1115    39.4718    -73.111    103.073    44.3592   -93.2277   -22.4135    373.774    -16.773   0.469377   -89.9288   0.659245    2.25606    90.6863   0.606604   0.356549   0.925515    0.98435   0.634524     0.8949   0.929904   0.918399   0.980932   0.708921   0.982814   0.998792   0.999972   0.659245   0.972222   0.992277 
 0.0413695    90.9336    36.5866    50.1549     39.378   -72.9237    103.449    44.3658   -93.2017   -22.5504    373.492   -16.7767   0.456141   -89.9214   0.657867    2.23815    90.6789   0.604597   0.356333   0.925813   0.984424   0.636272   0.894146   0.929883   0.918443   0.980699   0.709337   0.982742   0.998859   0.999966   0.657867   0.972659   0.992441 
 0.0412559    91.1788    36.6053    50.1976    39.2827   -72.7379    103.824    44.3726   -93.1762   -22.6901    373.199     -16.78   0.443039   -89.9134   0.656498     2.2206    90.6714   0.602615   0.356109   0.926105   0.984499   0.638002   0.893391   0.929862   0.918487    0.98046   0.709769   0.982677   0.998924   0.999959   0.656498   0.973084   0.992606 
 0.0411419    91.4232    36.6247    50.2404    39.1833   -72.5516    104.204    44.3793   -93.1485   -22.8326    372.898   -16.7832   0.429825   -89.9058   0.655116    2.20151     90.664   0.600637   0.355876   0.926398   0.984577   0.639734   0.892624   0.929841   0.918535   0.980215   0.710213   0.982615   0.998987   0.999951   0.655116   0.973543   0.992768 
 0.0410275    91.6645    36.6427    50.2834    39.0827   -72.3657    104.582    44.3861   -93.1212   -22.9774    372.617   -16.7862   0.416762   -89.8979   0.653731    2.18273    90.6565    0.59868   0.355661   0.926692   0.984656   0.641459   0.891856    0.92982   0.918582   0.979964   0.710627   0.982557   0.999048   0.999943   0.653731    0.97399   0.992931 
 0.0409127    91.9039    36.6614    50.3256    38.9794   -72.1797    104.963    44.3926   -93.0932   -23.1248    372.327    -16.789   0.403703   -89.8902    0.65235    2.16337    90.6492   0.596736   0.355436    0.92698   0.984737   0.643181   0.891082     0.9298   0.918631   0.979707   0.711055   0.982503   0.999107   0.999934    0.65235   0.974448   0.993086 
 0.0407974    92.1405    36.6798    50.3692    38.8736   -71.9954    105.346    44.3995   -93.0643   -23.2751    372.029   -16.7917    0.39032   -89.8825   0.650948    2.14347    90.6415    0.59481   0.355216   0.927277    0.98482   0.644885     0.8903   0.929778    0.91868   0.979443   0.711492    0.98245   0.999165   0.999924   0.650948   0.974914   0.993249 
 0.0406819     92.375    36.6979    50.4109    38.7663   -71.8096    105.728    44.4059   -93.0353   -23.4274     371.75   -16.7944   0.377299   -89.8744   0.649565    2.12338    90.6343   0.592897   0.354999    0.92756   0.984903   0.646599   0.889518   0.929758    0.91873   0.979174   0.711903   0.982396    0.99922   0.999913   0.649565    0.97538     0.9934 
  0.040566    92.6068    36.7161    50.4534    38.6563   -71.6253    106.113    44.4128   -93.0057   -23.5828    371.462   -16.7968   0.364088   -89.8667    0.64817    2.10294    90.6267   0.591005   0.354781   0.927848   0.984989   0.648296   0.888727   0.929737   0.918781   0.978898   0.712326    0.98235   0.999273   0.999903    0.64817    0.97585   0.993556 
 0.0404498    92.8365    36.7341    50.4952    38.5433   -71.4406    106.499    44.4195   -92.9751   -23.7408    371.187   -16.7987   0.351009   -89.8585   0.646779     2.0818    90.6192   0.589125   0.354565   0.928131   0.985076   0.649993   0.887932   0.929716   0.918834   0.978615   0.712731   0.982312   0.999325    0.99989   0.646779   0.976331    0.99371 
 0.0403333    93.0639    36.7519     50.538    38.4282    -71.257    106.887     44.426   -92.9444    -23.901    370.894   -16.8005   0.338148    -89.851    0.64537    2.06061    90.6118   0.587261   0.354351    0.92842   0.985165   0.651678    0.88713   0.929695   0.918887   0.978327   0.713162   0.982277   0.999373   0.999878    0.64537   0.976808   0.993857 
 0.0402167     93.288    36.7691    50.5805    38.3121    -71.074    107.275    44.4329   -92.9135   -24.0639    370.614   -16.8028   0.324907   -89.8434   0.643966    2.03923    90.6042   0.585422   0.354145   0.928706   0.985254   0.653353   0.886325   0.929674    0.91894   0.978031   0.713573   0.982233   0.999421   0.999866   0.643966   0.977285    0.99401 
 0.0400998     93.511    36.7859    50.6234    38.1918   -70.8904    107.665    44.4394   -92.8812   -24.2294    370.338   -16.8042   0.312255   -89.8353   0.642549    2.01682    90.5969   0.583587   0.353944   0.928995   0.985346   0.655031   0.885512   0.929653   0.918996   0.977729   0.713977   0.982204   0.999465   0.999851   0.642549    0.97778   0.994153 
 0.0399828    93.7305    36.8034    50.6638    38.0706   -70.7069    108.056    44.4463   -92.8485   -24.3979     370.07   -16.8062   0.299021   -89.8278   0.641162    1.99421    90.5891    0.58178   0.353734   0.929266   0.985439   0.656705   0.884695   0.929632   0.919052    0.97742    0.71437   0.982166    0.99951   0.999837   0.641162   0.978274   0.994303 
 0.0398656    93.9481    36.8207    50.7059    37.9457   -70.5249     108.45    44.4528    -92.815    -24.569    369.784   -16.8074   0.286003   -89.8197    0.63975      1.971    90.5818   0.579985   0.353526   0.929548   0.985534   0.658362   0.883871   0.929611    0.91911   0.977103   0.714789   0.982142   0.999552   0.999822    0.63975   0.978774   0.994445 
 0.0397483    94.1624     36.837    50.7485      37.82    -70.344    108.844    44.4596    -92.782   -24.7423    369.505   -16.8087    0.27276   -89.8123   0.638333    1.94817    90.5742   0.578214   0.353331   0.929833   0.985629   0.660005   0.883043    0.92959   0.919166    0.97678   0.715197   0.982117   0.999592   0.999807   0.638333   0.979262   0.994587 
 0.0396309     94.375    36.8545     50.789    37.6906   -70.1617     109.24    44.4663    -92.747   -24.9189    369.224     -16.81   0.260239   -89.8044   0.636932    1.92387    90.5666   0.576455   0.353121   0.930104   0.985727   0.661659   0.882207   0.929569   0.919226   0.976449   0.715609    0.98209   0.999629    0.99979   0.636932   0.979774   0.994729 
 0.0395135    94.5844    36.8705    50.8308      37.56   -69.9816    109.636    44.4729   -92.7127   -25.0976    368.952   -16.8109   0.247084   -89.7964    0.63552    1.90008    90.5592    0.57472   0.352929   0.930382   0.985826   0.663289   0.881369   0.929548   0.919285   0.976111   0.716007   0.982074   0.999665   0.999773    0.63552    0.98027   0.994867 
  0.039396    94.7918    36.8868    50.8717    37.4258   -69.8009    110.035    44.4796   -92.6767   -25.2795    368.683   -16.8114   0.233844   -89.7887   0.634113    1.87509    90.5517   0.572999   0.352733   0.930654   0.985927   0.664922   0.880521   0.929528   0.919347   0.975765     0.7164   0.982062     0.9997   0.999755   0.634113   0.980783   0.995003 
 0.0392786     94.997    36.9028    50.9137    37.2893   -69.6208    110.435     44.486   -92.6403   -25.4635    368.399   -16.8123   0.221567   -89.7807   0.632689     1.8498    90.5444   0.571293   0.352542   0.930933   0.986029   0.666545   0.879669   0.929507    0.91941   0.975412   0.716815   0.982045   0.999731   0.999736   0.632689   0.981297   0.995135 
 0.0391612     95.199    36.9189    50.9543    37.1507   -69.4414    110.837    44.4928   -92.6033   -25.6507    368.126   -16.8128   0.208612   -89.7734   0.631282    1.82412    90.5368   0.569612   0.352348   0.931202   0.986132    0.66816    0.87881   0.929486   0.919473   0.975051   0.717214   0.982036   0.999761   0.999718   0.631282   0.981811    0.99527 
 0.0390439    95.3986    36.9339    50.9954    37.0097   -69.2625    111.239    44.4994   -92.5656   -25.8405    367.864   -16.8131   0.195712   -89.7651   0.629867    1.79793    90.5293   0.567948   0.352169   0.931474   0.986237   0.669767   0.877947   0.929465   0.919538   0.974682   0.717595    0.98203    0.99979   0.999697   0.629867   0.982328     0.9954 
 0.0389267     95.595    36.9497     51.036    36.8672   -69.0846    111.643    44.5063   -92.5277    -26.033    367.583   -16.8137   0.183085   -89.7574   0.628459    1.77162    90.5216   0.566309   0.351979   0.931741   0.986343   0.671361   0.877078   0.929444   0.919603   0.974305   0.718005   0.982018   0.999816   0.999677   0.628459    0.98284   0.995532 
 0.0388097    95.7898    36.9649    51.0774    36.7196   -68.9073    112.051     44.513   -92.4883   -26.2284    367.307    -16.813   0.170462   -89.7502   0.627035    1.74416     90.514   0.564681   0.351796   0.932015   0.986452   0.672947   0.876196   0.929423    0.91967    0.97392   0.718407   0.982032   0.999841   0.999658   0.627035   0.983366   0.995661 
 0.0386928    95.9819    36.9799    51.1176    36.5708   -68.7297    112.459    44.5194   -92.4482   -26.4265    367.037   -16.8129   0.157635   -89.7424   0.625626    1.71626    90.5067   0.563073   0.351616   0.932279   0.986561   0.674533   0.875312   0.929403   0.919739   0.973526     0.7188   0.982032   0.999864   0.999636   0.625626   0.983893   0.995783 
 0.0385761    96.1704    36.9946    51.1576    36.4205   -68.5538    112.867    44.5262   -92.4085   -26.6271    366.771   -16.8123   0.145085   -89.7344   0.624223    1.68867    90.4992   0.561493    0.35144   0.932541   0.986671   0.676101   0.874426   0.929382   0.919807   0.973124   0.719187   0.982046   0.999885   0.999613   0.624223   0.984405   0.995908 
 0.0384597    96.3569    37.0088     51.198    36.2667    -68.378    113.278    44.5328   -92.3671   -26.8307    366.502   -16.8118   0.132379   -89.7268    0.62281    1.65983    90.4917   0.559928   0.351269   0.932806   0.986783   0.677664   0.873529   0.929361   0.919878   0.972714   0.719579   0.982055   0.999904   0.999591    0.62281   0.984932    0.99603 
 0.0383435    96.5408    37.0229    51.2391    36.1101   -68.2036    113.691    44.5393   -92.3251    -27.037    366.222   -16.8109   0.119822   -89.7191   0.621389    1.63059    90.4843   0.558383     0.3511   0.933075   0.986897   0.679212   0.872625    0.92934    0.91995   0.972295   0.719986   0.982073   0.999921   0.999567   0.621389   0.985457   0.996148 
 0.0382276    96.7215    37.0373    51.2791    35.9517   -68.0299    114.106     44.546   -92.2823   -27.2464     365.94   -16.8104   0.106953   -89.7114   0.619983    1.60078    90.4767   0.556863   0.350927   0.933335   0.987011   0.680751   0.871715   0.929319   0.920023   0.971866   0.720397   0.982083   0.999937   0.999543   0.619983   0.985982   0.996267 
 0.0381121       96.9    37.0511    51.3189    35.7896   -67.8561    114.522    44.5527   -92.2385   -27.4585     365.67    -16.809  0.0947106   -89.7041   0.618576    1.57024    90.4692    0.55536   0.350762   0.933595   0.987128   0.682288   0.870797   0.929298   0.920098   0.971428   0.720789    0.98211   0.999951    0.99952   0.618576   0.986511   0.996384 
 0.0379969    97.0754    37.0646    51.3582    35.6261   -67.6831    114.939    44.5592   -92.1944   -27.6732    365.397   -16.8079  0.0826564   -89.6961   0.617175    1.53952    90.4618   0.553881     0.3506   0.933851   0.987245   0.683815   0.869877   0.929278   0.920173   0.970982   0.721184   0.982133   0.999963   0.999494   0.617175   0.987032   0.996497 
 0.0378821    97.2479    37.0776    51.3975    35.4602   -67.5111    115.357    44.5657   -92.1496   -27.8907     365.13   -16.8064  0.0699097   -89.6886   0.615778    1.50829    90.4544   0.552424   0.350443   0.934105   0.987363   0.685329   0.868948   0.929258    0.92025   0.970526   0.721572   0.982162   0.999973   0.999468   0.615778   0.987552   0.996608 
 0.0377678    97.4176    37.0906     51.436    35.2924   -67.3397    115.776    44.5721   -92.1045   -28.1107    364.856    -16.805  0.0576233   -89.6811    0.61439     1.4768    90.4472    0.55099   0.350286   0.934355   0.987482   0.686837   0.868016   0.929237   0.920327   0.970062   0.721969   0.982189   0.999982   0.999442    0.61439   0.988065   0.996715 
 0.0376539    97.5844    37.1033    51.4755    35.1203   -67.1702      116.2    44.5789   -92.0574   -28.3345    364.582   -16.8029  0.0448641   -89.6735   0.612992    1.44392    90.4395   0.549578   0.350135    0.93461   0.987604   0.688324    0.86707   0.929216   0.920407   0.969585   0.722365   0.982231   0.999989   0.999415   0.612992    0.98859   0.996826 
 0.0375405    97.7483    37.1162    51.5132    34.9464   -67.0002    116.623    44.5856     -92.01   -28.5609     364.31   -16.8009  0.0330387   -89.6657   0.611614    1.41085     90.432    0.54819   0.349979   0.934853   0.987726   0.689812   0.866123   0.929195   0.920488     0.9691    0.72276    0.98227   0.999994   0.999387   0.611614   0.989106   0.996933 
 0.0374276    97.9092    37.1279    51.5531    34.7707   -66.8326    117.048    44.5922   -91.9621   -28.7896    364.024   -16.7992  0.0206573   -89.6582   0.610214     1.3774    90.4246   0.546825   0.349839    0.93511   0.987849   0.691277   0.865168   0.929175   0.920569   0.968606   0.723173   0.982303   0.999998   0.999359   0.610214   0.989615   0.997037 
 0.0373153    98.0673    37.1399    51.5915    34.5918   -66.6653    117.475    44.5988   -91.9136   -29.0214    363.743   -16.7966  0.0089752   -89.6509   0.608832    1.34349    90.4172   0.545484   0.349694   0.935358   0.987973   0.692736   0.864206   0.929154   0.920652   0.968101    0.72358   0.982354          1   0.999332   0.608832    0.99012    0.99714 
 0.0372036    98.2224    37.1518    51.6288    34.4101   -66.4986    117.904    44.6052   -91.8634   -29.2565    363.468   -16.7939 -0.00358962   -89.6432   0.607466    1.30842    90.4099   0.544165   0.349551   0.935597   0.988099   0.694188   0.863236   0.929134   0.920738   0.967585   0.723977   0.982406          1   0.999302   0.607466   0.990628   0.997239 
 0.0370925    98.3745    37.1622    51.6671    34.2271   -66.3328    118.333    44.6119   -91.8133   -29.4936    363.201   -16.7914 -0.0155147    -89.636    0.60609    1.27338    90.4025   0.542871   0.349427   0.935842   0.988225   0.695628   0.862263   0.929113   0.920823    0.96706   0.724363   0.982455   0.999999   0.999274    0.60609   0.991122   0.997338 
 0.0369821    98.5239    37.1731    51.7041    34.0402   -66.1674    118.764    44.6183   -91.7617   -29.7342    362.927   -16.7884 -0.0272172   -89.6284    0.60473    1.23725    90.3953   0.541599   0.349296   0.936079   0.988353   0.697062    0.86128   0.929093   0.920911   0.966524   0.724758   0.982514   0.999996   0.999243    0.60473   0.991618   0.997433 
 0.0368723    98.6699    37.1836    51.7424    33.8512   -66.0049    119.197    44.6247   -91.7098   -29.9773    362.636    -16.785 -0.0389368   -89.6208    0.60336    1.20098    90.3881   0.540355   0.349169   0.936323   0.988482   0.698469   0.860292   0.929073   0.920999   0.965977   0.725178    0.98258   0.999992   0.999212    0.60336   0.992102   0.997525 
 0.0367633     98.813    37.1935    51.7795    33.6602   -65.8415    119.631    44.6312   -91.6563   -30.2236    362.357   -16.7825   -0.05055   -89.6135   0.602004    1.16353    90.3807   0.539134    0.34905   0.936559   0.988611   0.699881   0.859296   0.929052    0.92109   0.965419    0.72558   0.982629   0.999986   0.999181   0.602004   0.992586   0.997618 
 0.0366551    98.9526    37.2042    51.8161    33.4661   -65.6807    120.068    44.6377   -91.6023    -30.473    362.061   -16.7789  -0.062184    -89.606   0.600661    1.12576    90.3735   0.537942   0.348922   0.936792   0.988742   0.701267   0.858293   0.929032   0.921181   0.964849   0.726007   0.982699   0.999979   0.999149   0.600661   0.993059   0.997708 
 0.0365476    99.0896    37.2135    51.8521    33.2698   -65.5193    120.505     44.644   -91.5472    -30.725    361.784   -16.7755 -0.0738171   -89.5985   0.599325    1.08717    90.3664   0.536771   0.348811    0.93702   0.988873   0.702656   0.857285   0.929012   0.921275   0.964269   0.726405   0.982765    0.99997   0.999116   0.599325   0.993526   0.997793 
  0.036441    99.2231    37.2225     51.889    33.0716   -65.3606    120.944    44.6503    -91.492   -30.9795     361.49   -16.7718 -0.0855085   -89.5917   0.597984    1.04848    90.3594   0.535629   0.348702   0.937255   0.989005   0.704019   0.856269   0.928992   0.921369   0.963678   0.726829   0.982836    0.99996   0.999086   0.597984   0.993978   0.997877 
 0.0363352     99.353    37.2313    51.9249    32.8713   -65.2027    121.383    44.6569    -91.436   -31.2371      361.2    -16.768 -0.0966135   -89.5847    0.59666    1.00928     90.352   0.534517   0.348596   0.937482   0.989138   0.705373   0.855249   0.928971   0.921464   0.963076   0.727245   0.982909   0.999949   0.999055    0.59666    0.99442   0.997963 
 0.0362303    99.4805    37.2398    51.9602    32.6667   -65.0453    121.826    44.6631   -91.3779   -31.4981    360.913   -16.7636  -0.108093   -89.5774   0.595345   0.968506    90.3452   0.533425   0.348494   0.937705   0.989272    0.70672   0.854217   0.928952   0.921562    0.96246   0.727658   0.982994   0.999936   0.999021   0.595345   0.994861   0.998042 
 0.0361263    99.6039    37.2469    51.9964    32.4615   -64.8901    122.268    44.6698   -91.3199   -31.7615    360.636   -16.7592   -0.11936     -89.57   0.594029   0.927877    90.3378   0.532367    0.34841   0.937933   0.989406   0.708045   0.853184   0.928931    0.92166   0.961833   0.728056    0.98308   0.999922   0.998986   0.594029   0.995283   0.998124 
 0.0360233    99.7244    37.2553    52.0303     32.253   -64.7349    122.713     44.676   -91.2602   -32.0283    360.333    -16.755  -0.130525   -89.5631   0.592739   0.886022     90.331   0.531333   0.348308   0.938146   0.989542   0.709368   0.852141   0.928911   0.921761   0.961194   0.728492   0.983158   0.999907   0.998954   0.592739   0.995699     0.9982 
 0.0359212    99.8414    37.2622    52.0654    32.0432   -64.5821    123.157    44.6822   -91.2012   -32.2969     360.04     -16.75  -0.141285   -89.5561   0.591445   0.844609    90.3241   0.530328   0.348226   0.938367   0.989677   0.710668   0.851096   0.928892   0.921861   0.960544   0.728911   0.983255   0.999891    0.99892   0.591445   0.996091   0.998273 
 0.0358202    99.9549    37.2689       52.1    31.8305   -64.4303    123.603    44.6886   -91.1404   -32.5691    359.741   -16.7452  -0.151845   -89.5491   0.590161   0.801941     90.317   0.529352   0.348144   0.938583   0.989814   0.711957   0.850042   0.928871   0.921964   0.959881    0.72934   0.983347   0.999874   0.998885   0.590161   0.996476   0.998348 
 0.0357202    100.065    37.2755    52.1334    31.6157   -64.2796    124.052    44.6948   -91.0782   -32.8444    359.437   -16.7405  -0.163266   -89.5421   0.588896   0.758301    90.3103   0.528405   0.348065   0.938793    0.98995   0.713235   0.848981   0.928852   0.922069   0.959205   0.729776   0.983435   0.999854    0.99885   0.588896   0.996849   0.998417 
 0.0356213    100.171    37.2817    52.1665     31.399   -64.1304      124.5    44.7011   -91.0159   -33.1222    359.138   -16.7351  -0.173688   -89.5349   0.587642   0.714602    90.3034   0.527489   0.347991      0.939   0.990087   0.714497   0.847917   0.928832   0.922174   0.958516   0.730203   0.983538   0.999835   0.998814   0.587642   0.997201   0.998487 
 0.0355235    100.275    37.2878    52.2005    31.1789   -63.9839    124.951    44.7073   -90.9522   -33.4032    358.811   -16.7295  -0.184621   -89.5284   0.586386   0.669864    90.2967   0.526601   0.347917   0.939212   0.990226   0.715735    0.84684   0.928813   0.922282   0.957814   0.730671   0.983644   0.999813   0.998781   0.586386   0.997541   0.998553 
 0.0354269    100.374    37.2927    52.2327    30.9588   -63.8368      125.4    44.7134   -90.8884   -33.6862    358.511   -16.7244  -0.194973   -89.5215   0.585154   0.625052      90.29   0.525743   0.347859   0.939412   0.990363   0.716975   0.845767   0.928794   0.922389   0.957102     0.7311    0.98374   0.999792   0.998745   0.585154   0.997859   0.998617 
 0.0353314     100.47    37.2963    52.2659    30.7358   -63.6916    125.852    44.7195   -90.8235   -33.9721     358.21   -16.7188  -0.205089   -89.5147   0.583918   0.579454    90.2835   0.524913   0.347815   0.939619   0.990501   0.718197   0.844685   0.928774   0.922498   0.956376    0.73153   0.983846   0.999769   0.998709   0.583918    0.99816   0.998679 
 0.0352371    100.562    37.3006    52.2974    30.5119   -63.5482    126.303    44.7256   -90.7584   -34.2607    357.898    -16.713  -0.215423    -89.508   0.582711   0.533672    90.2769   0.524119   0.347763   0.939815   0.990639   0.719401     0.8436   0.928755   0.922608   0.955637   0.731975   0.983953   0.999746   0.998673   0.582711   0.998439    0.99874 
 0.0351441    100.651    37.3049    52.3291    30.2838   -63.4065    126.757    44.7316   -90.6912   -34.5529    357.568   -16.7069  -0.225409   -89.5014   0.581509   0.486433    90.2705   0.523352   0.347712   0.940011   0.990778    0.72059   0.842502   0.928736   0.922721   0.954883   0.732445   0.984067   0.999721   0.998637   0.581509   0.998703   0.998797 
 0.0350523    100.736    37.3084    52.3589    30.0547   -63.2652     127.21    44.7377   -90.6235   -34.8476    357.259   -16.7005  -0.235047   -89.4944   0.580335    0.43884     90.264   0.522618    0.34767   0.940195   0.990917   0.721773   0.841405   0.928717   0.922835   0.954116   0.732887   0.984185   0.999697   0.998599   0.580335   0.998944   0.998854 
 0.0349618    100.817     37.311      52.39    29.8245   -63.1264    127.665    44.7438   -90.5551   -35.1449    356.931   -16.6948   -0.24517   -89.4883   0.579156   0.390725    90.2575   0.521918   0.347639   0.940387   0.991055   0.722932     0.8403   0.928698    0.92295   0.953336   0.733353   0.984293    0.99967   0.998565   0.579156   0.999163    0.99891 
 0.0348726    100.895    37.3123    52.4209    29.5922   -62.9891     128.12    44.7496   -90.4863   -35.4444    356.617    -16.688  -0.255065   -89.4819   0.577987   0.342351    90.2514   0.521245   0.347623   0.940579   0.991194   0.724077   0.839192    0.92868   0.923065   0.952544     0.7338   0.984417   0.999643   0.998529   0.577987   0.999357   0.998961 
 0.0347847    100.968    37.3152    52.4506    29.3593   -62.8551    128.574    44.7558   -90.4171   -35.7472    356.269   -16.6814  -0.264862   -89.4749   0.576848   0.293651    90.2449   0.520616   0.347588   0.940761   0.991332   0.725193   0.838081    0.92866   0.923182   0.951736   0.734296    0.98454   0.999615   0.998488   0.576848   0.999527   0.999014 
 0.0346983    101.038    37.3164    52.4796    29.1224   -62.7203    129.031    44.7618   -90.3458   -36.0528     355.94   -16.6744  -0.273978   -89.4689   0.575717   0.243507    90.2388    0.52001   0.347574    0.94094   0.991471   0.726314    0.83696   0.928641   0.923301   0.950914   0.734763   0.984667   0.999588   0.998454   0.575717   0.999675   0.999063 
 0.0346132    101.104    37.3165    52.5091    28.8851   -62.5878    129.488    44.7674   -90.2748   -36.3601    355.607   -16.6673  -0.283192    -89.463   0.574592   0.193499     90.233   0.519435   0.347572   0.941121   0.991609   0.727413   0.835838   0.928624    0.92342   0.950081   0.735235   0.984797    0.99956   0.998419   0.574592   0.999795   0.999108 
 0.0345295    101.166    37.3164    52.5371    28.6459   -62.4566    129.944    44.7733   -90.2021    -36.671     355.28     -16.66  -0.292199   -89.4564   0.573493   0.142357    90.2269   0.518898   0.347574   0.941293   0.991747     0.7285   0.834712   0.928605   0.923542   0.949231     0.7357   0.984929   0.999532    0.99838   0.573493   0.999889   0.999154 
 0.0344473    101.224    37.3171    52.5641     28.407   -62.3279    130.399    44.7792   -90.1303   -36.9836     354.93   -16.6526   -0.30124   -89.4506   0.572419  0.0917925    90.2209   0.518398   0.347566   0.941458   0.991884   0.729564   0.833585   0.928586   0.923662   0.948369   0.736196   0.985063   0.999502   0.998345   0.572419   0.999954   0.999198 
 0.0343666    101.278    37.3161    52.5919    28.1653   -62.2005    130.856    44.7847   -90.0565   -37.2992    354.576   -16.6454  -0.310194   -89.4447   0.571343  0.0398282    90.2153   0.517927   0.347577   0.941628   0.992021   0.730616    0.83245   0.928569   0.923785   0.947492   0.736697   0.985192   0.999472    0.99831   0.571343   0.999991   0.999238 
 0.0342874    101.329    37.3141    52.6187    27.9228   -62.0739    131.312    44.7902   -89.9822   -37.6169    354.232   -16.6382  -0.318885   -89.4388   0.570286 -0.0125401    90.2098   0.517489   0.347601   0.941792   0.992158    0.73166   0.831314   0.928552   0.923909   0.946602   0.737185   0.985321   0.999442   0.998274   0.570286   0.999999   0.999276 
 0.0342097    101.375    37.3128    52.6446    27.6803   -61.9508    131.767    44.7957   -89.9084   -37.9369    353.871   -16.6303  -0.327679   -89.4325   0.569256 -0.0645726    90.2043   0.517091   0.347616    0.94195   0.992294   0.732674   0.830179   0.928534   0.924032   0.945698   0.737696   0.985462   0.999411   0.998234   0.569256   0.999977   0.999313 
 0.0341335    101.417    37.3103    52.6706    27.4352   -61.8287    132.223    44.8016   -89.8329   -38.2598    353.513   -16.6223  -0.335494   -89.4269   0.568232  -0.117778    90.1986   0.516727   0.347646   0.942108   0.992429   0.733677   0.829037   0.928516   0.924158   0.944778   0.738201   0.985603   0.999383   0.998199   0.568232   0.999924   0.999352 
 0.0340589    101.454    37.3068    52.6954    27.1912   -61.7076    132.676    44.8073   -89.7575   -38.5844     353.17   -16.6147  -0.343832   -89.4213   0.567234  -0.170896    90.1929   0.516399    0.34769   0.942259   0.992563    0.73467   0.827897   0.928498   0.924284   0.943846   0.738686   0.985739   0.999352   0.998164   0.567234    0.99984   0.999388 
 0.0339858    101.488    37.3037    52.7195    26.9442   -61.5888    133.131    44.8125   -89.6807   -38.9121    352.796   -16.6064  -0.352203   -89.4158   0.566254  -0.225018    90.1879   0.516104   0.347726   0.942406   0.992697   0.735643   0.826749   0.928481   0.924412   0.942897   0.739213   0.985883    0.99932    0.99813   0.566254   0.999722   0.999419 
 0.0339144    101.518    37.2994    52.7431    26.6971   -61.4713    133.585    44.8179   -89.6036   -39.2417    352.435   -16.5982  -0.359804     -89.41   0.565289   -0.27941    90.1827   0.515845   0.347778   0.942549   0.992831   0.736604   0.825603   0.928464    0.92454   0.941935   0.739723   0.986027    0.99929   0.998092   0.565289   0.999572   0.999451 
 0.0338446    101.544    37.2948    52.7669    26.4495   -61.3567    134.037    44.8232   -89.5265   -39.5732    352.056   -16.5897  -0.367514   -89.4044   0.564337  -0.333784    90.1778   0.515621   0.347833   0.942693   0.992963    0.73754   0.824456   0.928448   0.924668    0.94096   0.740257   0.986175    0.99926   0.998056   0.564337   0.999389    0.99948 
 0.0337765    101.566    37.2883    52.7908    26.2019   -61.2427    134.488    44.8286   -89.4487   -39.9066    351.691   -16.5818  -0.374734   -89.3994   0.563391  -0.388659    90.1727   0.515433   0.347911   0.942838   0.993094   0.738469   0.823307   0.928431   0.924797   0.939971    0.74077   0.986312    0.99923   0.998023   0.563391   0.999172    0.99951 
   0.03371    101.583    37.2834    52.8129    25.9531   -61.1322    134.939     44.834   -89.3704    -40.243    351.296    -16.573   -0.38205   -89.3939   0.562483  -0.443887    90.1677   0.515286    0.34797   0.942972   0.993224    0.73937   0.822157   0.928413   0.924927   0.938965   0.741326   0.986464     0.9992   0.997986   0.562483    0.99892   0.999538 
 0.0336451    101.596    37.2768     52.833    25.7042   -61.0209    135.389     44.839   -89.2915    -40.581    350.934    -16.564   -0.38965   -89.3889   0.561605  -0.499543    90.1632    0.51517    0.34805   0.943093   0.993353   0.740274   0.821008   0.928398   0.925058   0.937947   0.741835   0.986617   0.999168   0.997953   0.561605   0.998632   0.999562 
  0.033582    101.605     37.269    52.8555    25.4558   -60.9132    135.836    44.8441   -89.2129   -40.9202    350.545   -16.5556  -0.396605    -89.384   0.560713  -0.555004    90.1586    0.51509   0.348143   0.943229   0.993481   0.741148   0.819859   0.928382   0.925188   0.936916   0.742381   0.986761   0.999138    0.99792   0.560713   0.998312   0.999586 
 0.0335205    101.609    37.2626    52.8753     25.207   -60.8078    136.282    44.8493   -89.1338   -41.2623     350.14   -16.5465  -0.403615   -89.3789   0.559867  -0.610844     90.154   0.515053    0.34822   0.943348   0.993608   0.742003   0.818711   0.928365   0.925319   0.935868   0.742948   0.986914   0.999107   0.997885   0.559867   0.997955    0.99961 
 0.0334608     101.61    37.2537    52.8953    24.9577   -60.7025    136.728    44.8544    -89.054   -41.6058    349.757   -16.5378      -0.41   -89.3742   0.559025  -0.667224    90.1495   0.515047   0.348327   0.943469   0.993733   0.742855   0.817562   0.928349   0.925451   0.934808   0.743485   0.987062   0.999078   0.997854   0.559025    0.99756   0.999632 
 0.0334028    101.606    37.2454    52.9139    24.7085   -60.5997    137.171    44.8595   -88.9738   -41.9516    349.359   -16.5287  -0.416587   -89.3695   0.558214  -0.723831    90.1451   0.515081   0.348428   0.943581   0.993858   0.743686   0.816414   0.928333   0.925584   0.933732   0.744043   0.987214   0.999049   0.997821   0.558214   0.997129   0.999654 
 0.0333465    101.599    37.2361    52.9323    24.4601   -60.4983    137.611    44.8642   -88.8944   -42.2981    348.959   -16.5195  -0.422512   -89.3649   0.557414  -0.779906    90.1411   0.515146   0.348538   0.943691   0.993981   0.744504   0.815271   0.928318   0.925715   0.932645   0.744602   0.987366   0.999021   0.997789   0.557414   0.996667   0.999672 
  0.033292    101.586    37.2261    52.9503    24.2117   -60.3994     138.05    44.8691   -88.8142   -42.6468    348.558     -16.51  -0.428625   -89.3599   0.556635  -0.836557    90.1371   0.515252   0.348659   0.943799   0.994102   0.745302   0.814129   0.928303   0.925847   0.931543   0.745162   0.987524   0.998993   0.997754   0.556635   0.996165   0.999691 
 0.0332393     101.57    37.2154    52.9678     23.964    -60.302    138.487    44.8739   -88.7336   -42.9973     348.15    -16.501  -0.434962   -89.3554   0.555873  -0.893488    90.1331   0.515395   0.348787   0.943904   0.994222   0.746086   0.812988   0.928288    0.92598   0.930426   0.745731   0.987673   0.998963   0.997722   0.555873   0.995626   0.999709 
 0.0331883    101.549    37.2044    52.9861    23.7167   -60.2074    138.923    44.8786   -88.6533   -43.3489    347.719    -16.492  -0.440602   -89.3511   0.555115  -0.950207    90.1293   0.515573    0.34892   0.944014   0.994341   0.746847    0.81185   0.928273   0.926112   0.929297   0.746333    0.98782   0.998936   0.997692   0.555115   0.995053   0.999725 
  0.033139    101.525     37.193    53.0014    23.4702   -60.1129    139.355    44.8833   -88.5727   -43.7023    347.308   -16.4826   -0.44635   -89.3469   0.554401   -1.00714    90.1256   0.515789   0.349056   0.944105   0.994457   0.747605   0.810715   0.928258   0.926245   0.928154   0.746906   0.987971   0.998908   0.997662   0.554401   0.994443   0.999741 
 0.0330916    101.496    37.1808    53.0178    23.2239   -60.0218    139.785    44.8879   -88.4925   -44.0568    346.886   -16.4726  -0.451614   -89.3423    0.55369   -1.06385     90.122    0.51604   0.349204   0.944204   0.994573   0.748336   0.809585   0.928244   0.926377   0.926998   0.747494   0.988133   0.998882   0.997629    0.55369   0.993801   0.999755 
 0.0330459    101.463    37.1684    53.0318    22.9788   -59.9305    140.212    44.8923   -88.4121   -44.4125    346.465   -16.4631  -0.456823   -89.3386   0.553013    -1.1206    90.1187   0.516325   0.349352   0.944288   0.994687   0.749067   0.808457    0.92823   0.926509   0.925829   0.748079   0.988285   0.998856   0.997603   0.553013   0.993122   0.999768 
  0.033002    101.425    37.1543     53.047    22.7343   -59.8419    140.637    44.8968   -88.3311   -44.7701    346.043   -16.4537  -0.462092   -89.3345   0.552337   -1.17789    90.1154    0.51665   0.349521   0.944378   0.994799   0.749776   0.807332   0.928215   0.926642   0.924646   0.748665   0.988435   0.998829   0.997572   0.552337   0.992402   0.999781 
 0.0329599    101.384    37.1408    53.0606    22.4911   -59.7546    141.059    44.9012   -88.2505   -45.1286    345.605   -16.4445  -0.466772   -89.3306   0.551689   -1.23485    90.1121   0.517011   0.349684    0.94446    0.99491   0.750474   0.806214   0.928201   0.926774   0.923449   0.749273   0.988581   0.998806   0.997544   0.551689   0.991651   0.999793 
 0.0329196    101.338    37.1272    53.0732    22.2485   -59.6699    141.479    44.9052   -88.1703   -45.4883    345.162   -16.4341  -0.472142   -89.3268    0.55107   -1.29155    90.1094   0.517406   0.349847   0.944535   0.995019    0.75115   0.805098   0.928189   0.926905    0.92224   0.749886   0.988744   0.998778   0.997516    0.55107   0.990868   0.999803 
 0.0328811    101.288    37.1115    53.0856     22.008    -59.585    141.894    44.9097     -88.09   -45.8489    344.744   -16.4247  -0.476334   -89.3231   0.550457   -1.34833    90.1062   0.517838   0.350036   0.944609   0.995126   0.751826   0.803991   0.928175   0.927037   0.921019   0.750466   0.988891   0.998756   0.997489   0.550457   0.990048   0.999814 
 0.0328443    101.235    37.0956    53.0984    21.7688   -59.5031    142.307    44.9138   -88.0102   -46.2101    344.302   -16.4152  -0.480933   -89.3194   0.549855   -1.40473    90.1035   0.518303   0.350227   0.944685   0.995231   0.752479   0.802888   0.928162   0.927167   0.919787   0.751076   0.989039   0.998732   0.997461   0.549855     0.9892   0.999824 
 0.0328094    101.177    37.0789    53.1107    21.5304   -59.4226    142.716    44.9178   -87.9305   -46.5725    343.864   -16.4053  -0.485043   -89.3159    0.54927   -1.46113    90.1009   0.518803   0.350427   0.944758   0.995335   0.753119   0.801791   0.928149   0.927297   0.918541   0.751682   0.989191    0.99871   0.997435    0.54927   0.988317   0.999833 
 0.0327762    101.115    37.0637      53.12    21.2942   -59.3436    143.122     44.922    -87.851   -46.9362    343.412   -16.3955  -0.489231   -89.3121   0.548731    -1.5173    90.0981   0.519344   0.350611   0.944814   0.995437   0.753747   0.800702   0.928136   0.927427   0.917282   0.752306   0.989341   0.998688   0.997407   0.548731   0.987403   0.999842 
 0.0327448    101.049    37.0458     53.131    21.0586   -59.2653    143.526    44.9257   -87.7717      -47.3    342.966    -16.386  -0.492957   -89.3093   0.548179    -1.5734     90.096    0.51991   0.350825   0.944879   0.995537   0.754368   0.799616   0.928124   0.927557   0.916013   0.752922   0.989485   0.998668   0.997386   0.548179   0.986457   0.999849 
 0.0327152    100.979    37.0288     53.141    20.8257   -59.1903    143.924    44.9297   -87.6932   -47.6649    342.506   -16.3761  -0.496883   -89.3059   0.547656   -1.62893    90.0935   0.520519    0.35103   0.944938   0.995635   0.754962    0.79854   0.928111   0.927684   0.914731   0.753556   0.989635   0.998647   0.997359   0.547656   0.985486   0.999856 
 0.0326874    100.905    37.0102    53.1509    20.5929   -59.1163    144.321    44.9336    -87.614    -48.031    342.053    -16.366  -0.500466   -89.3028   0.547145   -1.68494    90.0912   0.521161   0.351253   0.944997   0.995732   0.755549   0.797466   0.928099   0.927813   0.913435   0.754179   0.989787   0.998627   0.997336   0.547145   0.984474   0.999863 
 0.0326613    100.827    36.9929    53.1576    20.3633   -59.0423    144.713    44.9372   -87.5359   -48.3973    341.586   -16.3565  -0.503897   -89.2994   0.546674   -1.74017    90.0893   0.521835    0.35146   0.945037   0.995827   0.756134   0.796405   0.928088    0.92794    0.91213   0.754821   0.989928   0.998608    0.99731   0.546674   0.983442   0.999869 
 0.0326369    100.745    36.9735    53.1668    20.1359   -58.9713    145.101    44.9411   -87.4587   -48.7636    341.125   -16.3469  -0.507233   -89.2969    0.54619   -1.79482    90.0871   0.522541   0.351693   0.945092   0.995919   0.756695   0.795351   0.928075   0.928066   0.910815   0.755454    0.99007    0.99859   0.997291    0.54619   0.982389   0.999875 
 0.0326144    100.659    36.9533    53.1745    19.9096   -58.9003    145.485    44.9445   -87.3809    -49.131    340.668   -16.3374  -0.510407   -89.2935    0.54573   -1.84986    90.0855   0.523281   0.351935   0.945137   0.996011   0.757256   0.794305   0.928065   0.928192   0.909486   0.756081   0.990208   0.998572   0.997264    0.54573   0.981295    0.99988 
 0.0325935    100.569    36.9341    53.1817    19.6849   -58.8329    145.866    44.9482   -87.3042   -49.4991    340.193   -16.3269  -0.513397   -89.2911   0.545294   -1.90412    90.0835   0.524057   0.352166    0.94518     0.9961   0.757788   0.793263   0.928053   0.928317   0.908147   0.756731   0.990362   0.998555   0.997246   0.545294   0.980186   0.999885 
 0.0325744    100.476    36.9143    53.1873    19.4623   -58.7649    146.243    44.9517   -87.2276   -49.8675    339.721   -16.3172  -0.515951   -89.2884   0.544878   -1.95833    90.0819   0.524864   0.352403   0.945213   0.996188   0.758323   0.792232   0.928042   0.928441   0.906796   0.757377   0.990502   0.998541   0.997224   0.544878   0.979046    0.99989 
 0.0325571    100.378    36.8927    53.1944    19.2423    -58.699    146.616    44.9553   -87.1513   -50.2362    339.249   -16.3078  -0.518711    -89.286   0.544456   -2.01233    90.0801   0.525705   0.352663   0.945256   0.996273   0.758842   0.791209    0.92803   0.928565   0.905435   0.758021   0.990636   0.998525   0.997206   0.544456   0.977878   0.999894 
 0.0325414    100.277    36.8716    53.1997    19.0243   -58.6336    146.985    44.9585   -87.0756   -50.6053    338.767   -16.2986  -0.521241    -89.283   0.544062   -2.06592    90.0789   0.526576   0.352916   0.945287   0.996357   0.759356   0.790197   0.928021   0.928687   0.904063    0.75868   0.990767   0.998511   0.997182   0.544062   0.976689   0.999898 
 0.0325275    100.173    36.8497     53.205    18.8094   -58.5701    147.348    44.9616   -87.0015   -50.9737    338.299   -16.2887  -0.524011   -89.2803   0.543681   -2.11837    90.0777   0.527474   0.353179   0.945318   0.996439   0.759856   0.789197   0.928011   0.928807   0.902684   0.759319   0.990908   0.998495   0.997161   0.543681   0.975495   0.999901 
 0.0325152    100.065    36.8277    53.2089    18.5953   -58.5069    147.709    44.9647   -86.9269   -51.3432     337.82   -16.2792  -0.526091   -89.2782   0.543321   -2.17117    90.0765   0.528407   0.353442   0.945341    0.99652   0.760352   0.788201   0.928001   0.928928   0.901292    0.75997   0.991041   0.998483   0.997145   0.543321   0.974264   0.999904 
 0.0325046    99.9523    36.8051    53.2139    18.3835   -58.4468    148.066     44.968   -86.8528   -51.7132    337.334   -16.2693  -0.528341   -89.2761   0.542964   -2.22358    90.0752   0.529374   0.353714   0.945371   0.996598   0.760823   0.787213    0.92799   0.929047   0.899889   0.760632   0.991179    0.99847   0.997128   0.542964   0.973012   0.999907 
 0.0324957    99.8375     36.782    53.2182    18.1761   -58.3865    148.416    44.9709   -86.7808   -52.0816     336.85   -16.2602  -0.530576   -89.2737   0.542616   -2.27453    90.0744   0.530361   0.353991   0.945396   0.996675   0.761296   0.786243   0.927981   0.929163   0.898482   0.761289   0.991305   0.998457   0.997109   0.542616   0.971767   0.999909 
 0.0324884    99.7178    36.7586    53.2215    17.9685   -58.3278    148.765    44.9742   -86.7078   -52.4519    336.367   -16.2505  -0.532042    -89.272   0.542293   -2.32624    90.0731   0.531389   0.354271   0.945416    0.99675   0.761756   0.785274   0.927971   0.929281   0.897058   0.761945   0.991439   0.998448   0.997096   0.542293   0.970475   0.999912 
 0.0324828    99.5948    36.7353    53.2241    17.7644   -58.2702    149.109    44.9769   -86.6357   -52.8219     335.87    -16.241  -0.534494     -89.27   0.541985   -2.37729    90.0725   0.532444   0.354551   0.945431   0.996824   0.762206   0.784318   0.927962   0.929397   0.895627   0.762619   0.991567   0.998434   0.997079   0.541985   0.969172   0.999914 
 0.0324787    99.4689    36.7109    53.2262    17.5619   -58.2127    149.448    44.9797   -86.5644   -53.1916    335.391   -16.2314  -0.535589   -89.2679   0.541687   -2.42778    90.0718   0.533524   0.354843   0.945444   0.996895   0.762656   0.783373   0.927953   0.929512   0.894187   0.763267   0.991697   0.998428   0.997063   0.541687   0.967856   0.999915 
 0.0324763    99.3386    36.6863    53.2287    17.3624    -58.158    149.784    44.9826   -86.4934   -53.5619      334.9   -16.2215  -0.537455   -89.2657     0.5414   -2.47799    90.0711   0.534641   0.355138   0.945458   0.996966   0.763083   0.782437   0.927944   0.929626   0.892736   0.763932   0.991829   0.998417   0.997045     0.5414    0.96652   0.999917 
 0.0324755    99.2058    36.6622    53.2298    17.1658   -58.1031    150.114    44.9853   -86.4241   -53.9312    334.402   -16.2123  -0.538787   -89.2641    0.54113   -2.52708    90.0705   0.535777   0.355427   0.945465   0.997034   0.763512   0.781514   0.927936   0.929738   0.891279   0.764603   0.991952   0.998409   0.997032    0.54113   0.965188   0.999918 
 0.0324763    99.0688    36.6372    53.2309    16.9723   -58.0493    150.439    44.9881   -86.3548   -54.3008    333.905   -16.2035   -0.54059   -89.2623   0.540868   -2.57615    90.0699   0.536949   0.355727   0.945471     0.9971   0.763932   0.780601   0.927927   0.929849   0.889812   0.765274   0.992069   0.998398   0.997017   0.540868   0.963831    0.99992 
 0.0324787    98.9287    36.6114    53.2317    16.7793   -57.9965    150.762    44.9908   -86.2857   -54.6708    333.414   -16.1939  -0.541485   -89.2607   0.540617   -2.62506    90.0695   0.538146   0.356035   0.945476   0.997166   0.764343   0.779695   0.927918    0.92996   0.888334   0.765936   0.992195   0.998393   0.997005   0.540617   0.962454   0.999921 
 0.0324825    98.7857    36.5864    53.2321    16.5904    -57.945    151.079    44.9933   -86.2184   -55.0398    332.906   -16.1848  -0.542809   -89.2594   0.540378   -2.67273    90.0691   0.539367   0.356335   0.945478   0.997229   0.764744   0.778803    0.92791   0.930068    0.88685   0.766619   0.992313   0.998385   0.996994   0.540378   0.961086   0.999921 
  0.032488    98.6391      36.56     53.233    16.4037   -57.8943    151.391    44.9958   -86.1512   -55.4088    332.405   -16.1759  -0.543714   -89.2576    0.54014   -2.72028    90.0688   0.540617   0.356652   0.945483   0.997291   0.765139   0.777923   0.927902   0.930176   0.885358   0.767292   0.992428   0.998379   0.996979    0.54014   0.959699   0.999922 
 0.0324949    98.4901    36.5328    53.2327    16.2185   -57.8432      151.7    44.9982    -86.085   -55.7773    331.926   -16.1665  -0.543939   -89.2564   0.539917   -2.76719    90.0688   0.541888   0.356978   0.945482   0.997352   0.765536   0.777052   0.927895   0.930282   0.883858   0.767935   0.992549   0.998378   0.996969   0.539917   0.958307   0.999922 
 0.0325033    98.3367    36.5061     53.233    16.0371    -57.795    152.004    45.0004   -86.0189   -56.1463    331.407   -16.1577   -0.54542   -89.2545   0.539702   -2.81392    90.0688   0.543193   0.357297   0.945484   0.997411   0.765911   0.776192   0.927888   0.930387   0.882347   0.768631    0.99266   0.998369   0.996954   0.539702   0.956897   0.999922 
 0.0325133    98.1805    36.4795    53.2312    15.8576    -57.746    152.304     45.003   -85.9541   -56.5148    330.914   -16.1485  -0.545611   -89.2536    0.53951   -2.85985    90.0685   0.544521   0.357616   0.945473   0.997469   0.766291   0.775343    0.92788   0.930491    0.88083   0.769291   0.992776   0.998368   0.996947    0.53951   0.955489   0.999923 