 0.0447202    44.9744    33.7371    44.9884    37.3803   -94.1983    61.9615    43.4598    85.8569   -22.6792    432.636   -15.2699    1.92919   -90.7973     0.7725    2.84849    91.6151   0.897919   0.390227    0.88633   0.985961   0.419227   0.961584   0.932686   0.930646   0.980479   0.616811   0.999601   0.979662   0.996517     0.7725   0.955839   0.957802 
 0.0448626    45.5453    33.7553    45.0176    37.5181   -94.0288    62.3263    43.4724    85.8255   -22.5469    431.721   -15.2947    1.91645   -90.7894   0.772206    2.87075    91.6036   0.895357   0.390012   0.886576   0.985857   0.421085   0.961133   0.932647   0.930696   0.980705   0.618319   0.999524   0.979929   0.996585   0.772206   0.955152   0.958389 
 0.0450001    46.1132    33.7748     45.048     37.654   -93.8602    62.6925    43.4849    85.7959   -22.4166    430.802   -15.3201     1.9033   -90.7814   0.771883    2.89174    91.5922   0.892779   0.389782   0.886831   0.985755   0.422933   0.960678   0.932609   0.930744   0.980927   0.619831   0.999438   0.980203   0.996654   0.771883   0.954499   0.958972 
 0.0451327    46.6798    33.7945      45.08    37.7877   -93.6893    63.0594    43.4973    85.7679   -22.2874    429.906   -15.3444    1.89112   -90.7739   0.771534    2.91163    91.5808   0.890178   0.389549   0.887099   0.985654   0.424802   0.960219   0.932571   0.930788   0.981145   0.621302    0.99935   0.980455   0.996718   0.771534   0.953875   0.959548 
 0.0452607    47.2438    33.8141    45.1137     37.919   -93.5185    63.4268    43.5096    85.7416   -22.1601     429.03   -15.3688    1.87843   -90.7659   0.771152    2.93038    91.5695   0.887559   0.389318   0.887382   0.985554    0.42667   0.959758   0.932533    0.93083    0.98136   0.622738   0.999254   0.980715   0.996785   0.771152   0.953284   0.960115 
  0.045384    47.8038     33.835    45.1467    38.0482   -93.3469    63.7931    43.5212    85.7162    -22.035    428.154   -15.3929    1.86539   -90.7581   0.770769    2.94845    91.5589    0.88493   0.389072   0.887658   0.985456   0.428544   0.959295   0.932497   0.930871   0.981569   0.624173   0.999154   0.980981   0.996851   0.770769   0.952711   0.960644 
 0.0455027    48.3613    33.8561    45.1824    38.1754   -93.1753    64.1598    43.5328    85.6923   -21.9117    427.276   -15.4166     1.8536   -90.7499    0.77034    2.96558    91.5481   0.882285   0.388822   0.887956   0.985359   0.430417   0.958828   0.932462   0.930909   0.981774   0.625608   0.999049    0.98122   0.996918    0.77034   0.952164   0.961177 
  0.045617    48.9151    33.8776    45.2179       38.3   -93.0027    64.5264    43.5443    85.6694   -21.7908    426.426   -15.4397    1.84113   -90.7423   0.769907    2.98192    91.5375   0.879629   0.388568   0.888252   0.985263   0.432299    0.95836   0.932426   0.930945   0.981974   0.626997    0.99894   0.981471    0.99698   0.769907    0.95164   0.961701 
 0.0457268    49.4648    33.8991    45.2549    38.4225   -92.8309    64.8929    43.5558    85.6476   -21.6724     425.58   -15.4631    1.82834   -90.7344   0.769442    2.99753    91.5268   0.876966   0.388314   0.888561   0.985169    0.43417   0.957889   0.932391    0.93098   0.982169   0.628376   0.998824   0.981727   0.997044   0.769442   0.951136   0.962222 
 0.0458323    50.0125    33.9212     45.292    38.5429    -92.657     65.259    43.5668    85.6272   -21.5555     424.75    -15.486    1.81605   -90.7268   0.768969    3.01221    91.5166   0.874285   0.388053    0.88887   0.985076   0.436062   0.957416   0.932358   0.931013    0.98236   0.629727   0.998705   0.981971   0.997105   0.768969   0.950661   0.962716 
 0.0459335    50.5567    33.9439    45.3302    38.6608   -92.4835     65.626    43.5778     85.608    -21.441    423.926   -15.5087    1.80333   -90.7194   0.768471      3.026    91.5063   0.871595   0.387785   0.889187   0.984985   0.437947   0.956939   0.932324   0.931043   0.982546   0.631067   0.998582   0.982222   0.997164   0.768471   0.950212   0.963215 
 0.0460306    51.0959    33.9668    45.3691    38.7769   -92.3104     65.991    43.5887    85.5893   -21.3294    423.101   -15.5312     1.7911   -90.7116   0.767953    3.03948    91.4962   0.868903   0.387514    0.88951   0.984895   0.439827   0.956462    0.93229   0.931073   0.982727   0.632407   0.998453   0.982461   0.997225   0.767953   0.949771   0.963702 
 0.0461235     51.634    33.9889    45.4087    38.8904   -92.1348    66.3563    43.5992    85.5722   -21.2189    422.317   -15.5532    1.77875   -90.7039   0.767421    3.05188    91.4863   0.866191   0.387252   0.889839   0.984807   0.441731   0.955982   0.932258     0.9311   0.982905   0.633678   0.998322   0.982702   0.997284   0.767421   0.949363   0.964171 
 0.0462123    52.1678    34.0126    45.4496    39.0019   -91.9605    66.7221    43.6095    85.5557   -21.1111    421.503    -15.575    1.76663   -90.6966   0.766857    3.06377    91.4766   0.863475   0.386972   0.890178    0.98472    0.44362   0.955499   0.932226   0.931126   0.983078   0.634995   0.998188   0.982936   0.997341   0.766857   0.948972    0.96463 
 0.0462972    52.6969     34.036    45.4893     39.111   -91.7848     67.085      43.62      85.54   -21.0062     420.73   -15.5965    1.75465   -90.6886   0.766305     3.0752    91.4668   0.860758   0.386695   0.890505   0.984634   0.445521   0.955018   0.932194   0.931151   0.983245   0.636246    0.99805   0.983166   0.997401   0.766305   0.948594   0.965093 
 0.0463781    53.2235    34.0597    45.5306    39.2182   -91.6095    67.4494    43.6301    85.5255   -20.9032    419.953   -15.6182    1.74197   -90.6811   0.765719    3.08573    91.4573    0.85803   0.386415   0.890847    0.98455   0.447416   0.954531   0.932163   0.931174   0.983408     0.6375   0.997905   0.983408   0.997458   0.765719   0.948244   0.965539 
 0.0464552    53.7456    34.0835    45.5727    39.3221   -91.4339    67.8131    43.6403    85.5114   -20.8031    419.189   -15.6383    1.72961   -90.6739   0.765116    3.09606    91.4476     0.8553   0.386134   0.891193   0.984468   0.449313   0.954044   0.932132   0.931197   0.983567   0.638733   0.997767   0.983642   0.997511   0.765116     0.9479   0.965991 
 0.0465285    54.2658    34.1082     45.614     39.425   -91.2571    68.1761      43.65    85.4989   -20.7045    418.432   -15.6597    1.71715    -90.666   0.764512    3.10518    91.4384   0.852556   0.385842   0.891534   0.984387   0.451221   0.953554   0.932102   0.931217   0.983722    0.63995   0.997615   0.983876   0.997569   0.764512   0.947595   0.966413 
  0.046598     54.781    34.1321     45.657     39.525   -91.0808    68.5381    43.6598    85.4864   -20.6089    417.686   -15.6799    1.70495   -90.6584   0.763877    3.11436    91.4291   0.849816   0.385559   0.891887   0.984308   0.453121   0.953064   0.932072   0.931237   0.983871    0.64115   0.997466   0.984104   0.997624   0.763877   0.947288   0.966843 
 0.0466639    55.2927    34.1569    45.6996    39.6235   -90.9039    68.8997    43.6695    85.4749   -20.5157    416.941   -15.7005    1.69302   -90.6512   0.763239    3.12285    91.4198   0.847071   0.385265   0.892237    0.98423   0.455025   0.952571   0.932042   0.931255   0.984016   0.642347   0.997311   0.984325   0.997676   0.763239   0.947002   0.967266 
 0.0467261    55.8022    34.1815    45.7432    39.7191   -90.7261    69.2612    43.6789    85.4644   -20.4243    416.215   -15.7202    1.68083   -90.6436   0.762579    3.13064    91.4109   0.844316   0.384975   0.892594   0.984154   0.456937   0.952076   0.932013   0.931272   0.984158   0.643512   0.997157   0.984549    0.99773   0.762579    0.94674   0.967672 
 0.0467848    56.3067    34.2057    45.7876    39.8128   -90.5492    69.6222    43.6884    85.4542    -20.336    415.496   -15.7399    1.66813   -90.6363   0.761899    3.13823    91.4018   0.841565   0.384688   0.892957   0.984079   0.458837   0.951579   0.931984   0.931288   0.984294   0.644664      0.997   0.984781   0.997781   0.761899   0.946484   0.968082 
 0.0468399    56.8078    34.2311    45.8304    39.9043   -90.3711    69.9818    43.6976    85.4448   -20.2501    414.784   -15.7595    1.65559   -90.6287    0.76123    3.14521    91.3929   0.838811   0.384387   0.893307   0.984006   0.460748   0.951082   0.931955   0.931303   0.984426   0.645803   0.996839   0.985008   0.997833    0.76123   0.946248   0.968479 
 0.0468916     57.306    34.2564    45.8755    39.9938   -90.1934    70.3417    43.7069    85.4362   -20.1663    414.068   -15.7787     1.6438   -90.6212   0.760521    3.15168     91.384   0.836052   0.384088   0.893675   0.983935   0.462653   0.950581   0.931927   0.931316   0.984555   0.646948   0.996677   0.985221   0.997885   0.760521   0.946028   0.968877 
 0.0469398    57.7994    34.2822    45.9193    40.0813   -90.0153    70.7002     43.716    85.4279   -20.0856    413.362   -15.7979    1.63152   -90.6141   0.759822    3.15799    91.3752   0.833298   0.383783   0.894031   0.983864    0.46456   0.950081   0.931899    0.93133   0.984678   0.648074   0.996511    0.98544   0.997933   0.759822   0.945814   0.969267 
 0.0469847    58.2905    34.3065    45.9643    40.1663   -89.8358    71.0579     43.725    85.4203   -20.0066    412.692   -15.8165    1.61938   -90.6067   0.759101    3.16374    91.3665   0.830537   0.383495   0.894396   0.983796   0.466479   0.949579   0.931871   0.931342   0.984798   0.649142   0.996347   0.985656   0.997983   0.759101   0.945618    0.96965 
 0.0470263    58.7771    34.3318    46.0091    40.2494   -89.6575    71.4152     43.734    85.4132   -19.9306    412.011   -15.8352    1.60671   -90.5991    0.75837    3.16915    91.3578    0.82778   0.383195   0.894761   0.983729   0.468384   0.949075   0.931843   0.931353   0.984913   0.650226   0.996178   0.985879   0.998033    0.75837   0.945434    0.97003 
 0.0470646    59.2624    34.3581    46.0545    40.3303   -89.4776    71.7737    43.7426    85.4074    -19.856    411.326   -15.8535    1.59479    -90.592    0.75762    3.17362    91.3494   0.825011   0.382883   0.895129   0.983664   0.470303   0.948567   0.931817   0.931362   0.985025   0.651316   0.996008   0.986087   0.998079    0.75762   0.945281   0.970393 
 0.0470998    59.7416    34.3838    46.1002    40.4092   -89.2996    72.1297    43.7515    85.4013   -19.7852     410.65   -15.8718     1.5821   -90.5842    0.75686    3.17834    91.3408   0.822257   0.382579   0.895498     0.9836   0.472201    0.94806   0.931789   0.931372   0.985132   0.652389   0.995836   0.986307    0.99813    0.75686    0.94512   0.970767 
 0.0471317    60.2191    34.4091    46.1459    40.4859   -89.1191    72.4858      43.76    85.3961   -19.7158    409.998   -15.8895    1.56994   -90.5772   0.756091    3.18248    91.3325   0.819493   0.382279   0.895867   0.983538   0.474121    0.94755   0.931763    0.93138   0.985235   0.653423   0.995665   0.986516   0.998174   0.756091   0.944978   0.971123 
 0.0471605    60.6929    34.4352    46.1915    40.5603    -88.939    72.8413    43.7688    85.3917   -19.6493    409.352   -15.9071    1.55778   -90.5694   0.755314    3.18603    91.3239   0.816732    0.38197   0.896234   0.983477   0.476037   0.947039   0.931736   0.931387   0.985335   0.654448   0.995492   0.986724   0.998223   0.755314   0.944856   0.971491 
 0.0471862    61.1627    34.4603    46.2384    40.6333   -88.7594    73.1959    43.7773    85.3872   -19.5852    408.706   -15.9248    1.54548    -90.562   0.754512    3.18963    91.3155   0.813975   0.381673   0.896612   0.983418   0.477943   0.946527    0.93171   0.931394    0.98543    0.65547   0.995314   0.986932   0.998269   0.754512   0.944733   0.971845 
 0.0472089    61.6302    34.4863     46.284    40.7036   -88.5781    73.5504    43.7856    85.3836   -19.5231    408.076   -15.9418     1.5332   -90.5548   0.753718    3.19255    91.3074   0.811214   0.381364   0.896979   0.983361   0.479867   0.946012   0.931684     0.9314   0.985522   0.656466   0.995141   0.987138   0.998313   0.753718   0.944633    0.97219 
 0.0472286    62.0924    34.5121    46.3292    40.7724   -88.3974    73.9026     43.794    85.3798   -19.4644    407.453   -15.9588     1.5207   -90.5475   0.752923    3.19568    91.2991   0.808466   0.381059   0.897341   0.983305   0.481781   0.945499   0.931658   0.931406   0.985609    0.65745   0.994963   0.987347   0.998357   0.752923   0.944525   0.972535 
 0.0472453    62.5532    34.5374     46.377    40.8387   -88.2168    74.2568    43.8024    85.3772   -19.4072    406.831   -15.9755     1.5083   -90.5401   0.752081    3.19799    91.2909   0.805709   0.380759   0.897724   0.983251   0.483692    0.94498   0.931633    0.93141   0.985693   0.658431   0.994787   0.987552   0.998401   0.752081   0.944446   0.972879 
 0.0472592    63.0093    34.5638     46.422    40.9033   -88.0353    74.6083    43.8106    85.3745   -19.3531    406.219   -15.9921    1.49601   -90.5329    0.75127    3.20034    91.2828   0.802963   0.380446   0.898084   0.983198   0.485611   0.944462   0.931607   0.931414   0.985772   0.659395   0.994608   0.987754   0.998443    0.75127   0.944365   0.973216 
 0.0472701    63.4638    34.5902    46.4689    40.9654   -87.8536     74.961    43.8187    85.3729   -19.3007    405.606   -16.0081    1.48399   -90.5252   0.750421    3.20191    91.2747   0.800209   0.380133   0.898458   0.983147   0.487529   0.943941   0.931582   0.931417   0.985849   0.660359   0.994433   0.987949   0.998488   0.750421   0.944311   0.973548 
 0.0472782    63.9126    34.6161    46.5155    41.0265    -87.673    75.3117    43.8267    85.3705   -19.2515    404.991   -16.0245    1.47143   -90.5182   0.749571    3.20401    91.2668   0.797473   0.379826   0.898829   0.983097   0.489432    0.94342   0.931557   0.931421   0.985921   0.661326    0.99425   0.988152   0.998528   0.749571   0.944238   0.973872 
 0.0472835    64.3617    34.6424    46.5627    41.0847   -87.4903    75.6646    43.8348    85.3704   -19.2035    404.401   -16.0407     1.4591   -90.5107   0.748703    3.20452    91.2588   0.794719   0.379514   0.899204   0.983049   0.491356   0.942894   0.931533   0.931421   0.985991   0.662253   0.994067   0.988349    0.99857   0.748703   0.944221   0.974199 
 0.0472861    64.8043    34.6685    46.6085    41.1414   -87.3086    76.0139    43.8427     85.369   -19.1592     403.81   -16.0563    1.44649   -90.5035   0.747846    3.20598    91.2509   0.791988   0.379203   0.899568   0.983002   0.493268   0.942371   0.931508   0.931423   0.986055    0.66318   0.993888   0.988549    0.99861   0.747846    0.94417   0.974517 
 0.0472859    65.2454    34.6934     46.657    41.1964   -87.1265     76.364    43.8506    85.3686   -19.1164    403.231   -16.0722     1.4345    -90.496   0.746945    3.20675     91.243   0.789251   0.378909   0.899952   0.982957    0.49518   0.941844   0.931483   0.931424   0.986117   0.664087   0.993704   0.988738   0.998651   0.746945   0.944144   0.974836 
 0.0472831    65.6829    34.7203    46.7018    41.2489   -86.9432    76.7133    43.8585    85.3688   -19.0765    402.665   -16.0875    1.42175   -90.4887   0.746084    3.20704    91.2351    0.78652   0.378589   0.900307   0.982913   0.497104   0.941316   0.931459   0.931423   0.986175   0.664972   0.993522   0.988937   0.998691   0.746084   0.944134   0.975152 
 0.0472776    66.1177    34.7466    46.7494    41.2992   -86.7609    77.0631    43.8661    85.3691   -19.0387    402.082   -16.1023    1.40925   -90.4813   0.745175     3.2073    91.2275   0.783792   0.378277   0.900683   0.982872   0.499013   0.940785   0.931436   0.931423    0.98623   0.665884   0.993345    0.98913    0.99873   0.745175   0.944125   0.975454 
 0.0472695     66.549    34.7726     46.796    41.3479   -86.5778    77.4119    43.8742    85.3699   -19.0035    401.529   -16.1172    1.39681   -90.4739   0.744274    3.20717    91.2194    0.78107   0.377969    0.90105   0.982831    0.50093   0.940253   0.931411   0.931422   0.986281   0.666748   0.993164   0.989321   0.998769   0.744274   0.944129   0.975773 
 0.0472588    66.9777    34.7985    46.8432    41.3952   -86.3943    77.7604    43.8818    85.3711   -18.9703    400.967   -16.1325    1.38488   -90.4668   0.743355    3.20685    91.2117    0.77835   0.377661   0.901421   0.982792   0.502848   0.939719   0.931387    0.93142   0.986328   0.667624   0.992976   0.989502   0.998805   0.743355    0.94414   0.976075 
 0.0472456     67.402    34.8248      46.89    41.4401   -86.2118    78.1072    43.8895     85.372   -18.9402    400.406   -16.1468    1.37231   -90.4589   0.742433    3.20665     91.204   0.775643   0.377349   0.901789   0.982755   0.504752   0.939186   0.931364   0.931418   0.986372   0.668498   0.992797   0.989692   0.998846   0.742433   0.944147   0.976374 
 0.0472298    67.8256    34.8506    46.9372    41.4827   -86.0273    78.4561    43.8971    85.3744   -18.9114    399.872   -16.1612    1.35985   -90.4517   0.741497    3.20543    91.1963   0.772926   0.377042   0.902159    0.98272   0.506676   0.938647    0.93134   0.931415   0.986413   0.669329   0.992616   0.989878   0.998881   0.741497   0.944189   0.976673 
 0.0472116    68.2442    34.8764    46.9838    41.5241   -85.8438    78.8025    43.9046     85.376   -18.8858    399.333   -16.1754    1.34723   -90.4444   0.740561    3.20474    91.1887   0.770228   0.376735   0.902524   0.982685   0.508586    0.93811   0.931317   0.931412    0.98645   0.670168   0.992434   0.990065   0.998917   0.740561   0.944213   0.976966 
  0.047191    68.6602    34.9018    47.0318    41.5635   -85.6605    79.1493    43.9123    85.3781   -18.8624    398.798   -16.1895    1.33496    -90.437     0.7396    3.20374    91.1809   0.767532   0.376434   0.902899   0.982652   0.510492    0.93757   0.931293   0.931409   0.986483   0.670999   0.992252   0.990244   0.998953     0.7396   0.944248   0.977264 
 0.0471679     69.074    34.9281    47.0786    41.6006   -85.4763    79.4971      43.92    85.3814   -18.8412    398.273   -16.2035    1.32196   -90.4297   0.738644    3.20191    91.1732   0.764837   0.376121   0.903264   0.982622   0.512404   0.937026   0.931269   0.931403   0.986513   0.671814   0.992069   0.990433   0.998988   0.738644   0.944311   0.977559 
 0.0471425    69.4844    34.9549    47.1247    41.6362   -85.2918     79.843    43.9273    85.3844   -18.8225    397.741   -16.2173    1.30965   -90.4221   0.737688    3.20022    91.1657   0.762151   0.375803   0.903623   0.982592   0.514317   0.936482   0.931247   0.931399    0.98654    0.67264   0.991886    0.99061   0.999023   0.737688   0.944369    0.97784 
 0.0471147    69.8926    34.9804    47.1718    41.6694   -85.1067    80.1897    43.9346    85.3879   -18.8057    397.234   -16.2304    1.29703   -90.4151   0.736711    3.19824    91.1582   0.759467     0.3755   0.903989   0.982564   0.516234   0.935935   0.931224   0.931393   0.986564   0.673425    0.99171    0.99079   0.999055   0.736711   0.944437   0.978123 
 0.0470846    70.2969    35.0069    47.2185    41.7013   -84.9226    80.5354    43.9421    85.3915   -18.7918     396.71    -16.244    1.28442   -90.4075   0.735732    3.19618    91.1506   0.756795   0.375185   0.904351   0.982538   0.518138   0.935388   0.931201   0.931387   0.986584   0.674236   0.991526   0.990968   0.999089   0.735732   0.944508   0.978405 
 0.0470523    70.6997    35.0329    47.2653    41.7309   -84.7368    80.8819    43.9494     85.396   -18.7797    396.208   -16.2571    1.27203   -90.4005   0.734741    3.19352    91.1432    0.75412   0.374876   0.904713   0.982513   0.520057   0.934837   0.931178    0.93138   0.986601   0.675011   0.991347   0.991141   0.999121   0.734741   0.944599   0.978683 
 0.0470176    71.0985    35.0582    47.3127     41.759    -84.552    81.2264    43.9566    85.3999   -18.7702    395.706   -16.2701    1.25971   -90.3926   0.733737    3.19118    91.1357    0.75146   0.374575    0.90508   0.982489   0.521963   0.934287   0.931156   0.931374   0.986615   0.675786   0.991168   0.991312   0.999155   0.733737    0.94468   0.978957 
 0.0469808     71.495    35.0841    47.3592    41.7849   -84.3663    81.5717    43.9639    85.4046    -18.763    395.216   -16.2827    1.24701   -90.3854   0.732735     3.1884    91.1283   0.748803   0.374267   0.905439   0.982468   0.523875   0.933733   0.931133   0.931367   0.986625   0.676544   0.990992   0.991486   0.999186   0.732735   0.944775   0.979229 
 0.0469418    71.8884    35.1099    47.4062    41.8096   -84.1812     81.917    43.9711    85.4095   -18.7581     394.72   -16.2958    1.23407   -90.3781    0.73172    3.18539    91.1209   0.746154   0.373961     0.9058   0.982447   0.525779   0.933177   0.931111   0.931359   0.986632   0.677307   0.990807   0.991661   0.999216    0.73172   0.944879   0.979498 
 0.0469006    72.2791    35.1353    47.4524    41.8318   -83.9949    82.2612    43.9784    85.4146   -18.7556    394.249    -16.308    1.22166   -90.3706   0.730706    3.18229    91.1134   0.743512   0.373658   0.906156   0.982428   0.527693   0.932621   0.931088   0.931351   0.986635   0.678033   0.990633   0.991828   0.999247   0.730706   0.944985    0.97977 
 0.0468573    72.6678    35.1617    47.4994     41.852   -83.8092    82.6074    43.9856    85.4206   -18.7553    393.757   -16.3204    1.20905   -90.3633   0.729671    3.17857    91.1059   0.740873   0.373344   0.906516   0.982411   0.529598   0.932059   0.931066   0.931341   0.986636   0.678789   0.990456   0.991996   0.999276   0.729671   0.945112   0.980038 
 0.0468118    73.0519    35.1866    47.5463    41.8715    -83.624    82.9504    43.9928    85.4256   -18.7577    393.283   -16.3328    1.19633   -90.3555   0.728635    3.17548    91.0985   0.738252   0.373048   0.906876   0.982395   0.531494     0.9315   0.931044   0.931333   0.986632   0.679518   0.990275   0.992163   0.999307   0.728635   0.945218   0.980302 
 0.0467644    73.4352    35.2127    47.5933    41.8878   -83.4375    83.2962         44     85.432   -18.7619    392.807   -16.3445      1.184   -90.3485   0.727584    3.17149    91.0911   0.735627   0.372737   0.907235   0.982381   0.533402   0.930935   0.931021   0.931323   0.986626    0.68025   0.990105   0.992323   0.999334   0.727584   0.945354   0.980565 
 0.0467148    73.8152    35.2377    47.6406    41.9029   -83.2517    83.6407     44.007    85.4384   -18.7686    392.346   -16.3565    1.17073   -90.3407   0.726525    3.16744    91.0838   0.733013   0.372441   0.907596   0.982369     0.5353   0.930369      0.931   0.931313   0.986617   0.680957   0.989927   0.992494   0.999364   0.726525   0.945492   0.980822 
 0.0466633    74.1924    35.2637    47.6859     41.916   -83.0644    83.9849    44.0141    85.4449   -18.7776    391.889    -16.368    1.15811   -90.3337   0.725482    3.16332    91.0765   0.730407   0.372131   0.907941   0.982358    0.53721   0.929801   0.930978   0.931303   0.986604   0.681657   0.989757   0.992655    0.99939   0.725482   0.945632   0.981078 
 0.0466098    74.5661    35.2892    47.7325    41.9278   -82.8786    84.3288    44.0212    85.4513   -18.7892    391.423   -16.3796    1.14539   -90.3263   0.724415    3.15931    91.0692   0.727815   0.371827   0.908295   0.982348   0.539102   0.929232   0.930956   0.931292   0.986587   0.682372   0.989583   0.992815   0.999416   0.724415   0.945769   0.981334 
 0.0465543    74.9396    35.3145    47.7803    41.9365   -82.6914    84.6748    44.0282    85.4593   -18.8024    390.972   -16.3907    1.13296   -90.3185   0.723321    3.15415    91.0618   0.725214   0.371526   0.908658   0.982341   0.541006   0.928657   0.930934    0.93128   0.986569   0.683061   0.989413    0.99297   0.999444   0.723321   0.945945   0.981588 
 0.0464969    75.3088      35.34    47.8255    41.9444   -82.5038     85.018     44.035    85.4665   -18.8183    390.531   -16.4019    1.12024    -90.311   0.722256    3.14951    91.0547   0.722633   0.371223   0.909001   0.982334   0.542911   0.928085   0.930913   0.931268   0.986546   0.683735   0.989243   0.993127    0.99947   0.722256   0.946102   0.981831 
 0.0464376    75.6747    35.3647    47.8722    41.9508   -82.3172    85.3618    44.0423    85.4738   -18.8368    390.096   -16.4132     1.1075   -90.3036   0.721166    3.14487    91.0471   0.720065   0.370929   0.909353   0.982329   0.544802   0.927509    0.93089   0.931257    0.98652   0.684401    0.98907   0.993282   0.999495   0.721166   0.946259   0.982091 
 0.0463765    76.0391    35.3902    47.9191    41.9546   -82.1305    85.7071    44.0493    85.4819   -18.8573    389.647    -16.424    1.09466   -90.2961   0.720062    3.13962    91.0398   0.717498   0.370624   0.909707   0.982325   0.546693   0.926929   0.930869   0.931244    0.98649   0.685087   0.988902   0.993437   0.999519   0.720062   0.946437   0.982338 
 0.0463135    76.4009    35.4153     47.966    41.9565   -81.9435    86.0522    44.0561    85.4901     -18.88    389.207   -16.4344     1.0818   -90.2888   0.718949    3.13434    91.0327   0.714939   0.370326   0.910061   0.982324   0.548584   0.926347   0.930847   0.931231   0.986458   0.685757   0.988739    0.99359   0.999543   0.718949   0.946615   0.982577 
 0.0462486    76.7596    35.4406    48.0115    41.9571    -81.756    86.3964    44.0633    85.4987   -18.9055    388.784   -16.4453    1.06897    -90.281   0.717849    3.12875    91.0251   0.712393   0.370024   0.910403   0.982323   0.550476   0.925764   0.930825   0.931217   0.986421   0.686401   0.988569   0.993741   0.999567   0.717849   0.946804    0.98283 
  0.046182    77.1168    35.4661    48.0576    41.9552   -81.5677     86.742    44.0701    85.5078   -18.9326    388.357   -16.4555    1.05626   -90.2739   0.716732    3.12281     91.018   0.709847   0.369721   0.910749   0.982325   0.552374   0.925176   0.930804   0.931202   0.986383   0.687052   0.988407   0.993889   0.999589   0.716732   0.947004   0.983065 
 0.0461137    77.4705    35.4898    48.1048    41.9522   -81.3806    87.0862    44.0769    85.5165   -18.9622    387.944   -16.4657    1.04316   -90.2664   0.715595    3.11722    91.0108   0.707318   0.369438   0.911103   0.982327   0.554257   0.924589   0.930783   0.931189    0.98634    0.68768   0.988244   0.994039   0.999611   0.715595   0.947192   0.983301 
 0.0460436    77.8227    35.5148    48.1514    41.9469   -81.1925    87.4324    44.0838    85.5262    -18.994    387.524   -16.4759    1.03045   -90.2591   0.714455    3.11082    91.0036   0.704791    0.36914   0.911451   0.982332   0.556148   0.923996   0.930762   0.931173   0.986294   0.688319   0.988079   0.994183   0.999632   0.714455   0.947406   0.983539 
 0.0459718    78.1716    35.5403    48.1963    41.9397   -81.0043    87.7775    44.0908    85.5361   -19.0286    387.115   -16.4858    1.01744   -90.2514   0.713331    3.10438    90.9962   0.702278   0.368836   0.911786   0.982338   0.558037   0.923402    0.93074   0.931158   0.986244   0.688939   0.987919   0.994329   0.999654   0.713331   0.947622   0.983778 
 0.0458983    78.5191    35.5648    48.2435    41.9305   -80.8159    88.1242    44.0975    85.5463   -19.0647    386.703   -16.4956    1.00475   -90.2441   0.712168    3.09761    90.9891   0.699766   0.368544   0.912138   0.982346   0.559923   0.922804   0.930719   0.931141   0.986192   0.689565   0.987761    0.99447   0.999673   0.712168   0.947848   0.984007 
 0.0458232    78.8634    35.5896    48.2893    41.9195   -80.6276    88.4702    44.1043    85.5568   -19.1037    386.303   -16.5051   0.991746   -90.2365   0.711016    3.09074    90.9819   0.697269   0.368249   0.912478   0.982355   0.561808   0.922204   0.930698   0.931125   0.986136   0.690171   0.987604   0.994612   0.999693   0.711016   0.948077    0.98424 
 0.0457465    79.2047    35.6144    48.3344    41.9073    -80.439    88.8147     44.111    85.5669   -19.1449    385.902   -16.5145   0.979196   -90.2287   0.709867    3.08411    90.9748   0.694786   0.367953   0.912813   0.982365   0.563691   0.921606   0.930677   0.931109   0.986076   0.690779   0.987449   0.994747   0.999713   0.709867   0.948298   0.984465 
 0.0456681    79.5432    35.6386    48.3803    41.8933   -80.2511    89.1607     44.118    85.5772   -19.1885     385.51   -16.5239   0.965965   -90.2217   0.708702    3.07732    90.9674   0.692315   0.367665   0.913153   0.982377   0.565565   0.921002   0.930655   0.931092   0.986013   0.691372   0.987293   0.994888   0.999731   0.708702   0.948523   0.984697 
 0.0455882     79.881    35.6627    48.4278    41.8763   -80.0628    89.5086    44.1249     85.589   -19.2341    385.116   -16.5331   0.953436   -90.2136   0.707503    3.06948      90.96    0.68984   0.367377   0.913505   0.982391    0.56744   0.920392   0.930634   0.931073   0.985946   0.691968    0.98714    0.99502    0.99975   0.707503   0.948783   0.984929 
 0.0455068    80.2152    35.6875    48.4731    41.8586   -79.8741    89.8549    44.1315    85.6001   -19.2821    384.719   -16.5423   0.940542   -90.2062   0.706329    3.06214     90.953   0.687385   0.367081   0.913839   0.982406   0.569316   0.919783   0.930613   0.931056   0.985876   0.692567   0.986985   0.995153   0.999767   0.706329   0.949026   0.985147 
 0.0454238    80.5471    35.7113    48.5188    41.8385   -79.6854    90.2019    44.1385    85.6117   -19.3326     384.35   -16.5511    0.92736   -90.1986   0.705143    3.05444    90.9456   0.684938   0.366798   0.914176   0.982423   0.571189   0.919171   0.930592   0.931037   0.985802   0.693126   0.986838   0.995288   0.999784   0.705143    0.94928   0.985375 
 0.0453394    80.8769    35.7353    48.5644    41.8168   -79.4963    90.5492     44.145    85.6237   -19.3851    383.969     -16.56   0.914491   -90.1911   0.703948    3.04649    90.9386   0.682499   0.366511   0.914511   0.982441   0.573063   0.918556   0.930571   0.931018   0.985725     0.6937   0.986686   0.995418     0.9998   0.703948   0.949541    0.98559 
 0.0452535    81.2037    35.7597    48.6106    41.7931   -79.3086    90.8974    44.1518    85.6356   -19.4403     383.58   -16.5685    0.90124   -90.1834    0.70274    3.03853    90.9313   0.680075    0.36622    0.91485   0.982461    0.57492   0.917937    0.93055   0.930999   0.985644   0.694287    0.98654    0.99555   0.999816    0.70274   0.949802   0.985811 
 0.0451662    81.5287     35.784    48.6552    41.7669   -79.1187    91.2456    44.1586    85.6483   -19.4976    383.219   -16.5764   0.888473    -90.176   0.701546     3.0301    90.9241   0.677656   0.365929   0.915176   0.982483   0.576796   0.917316   0.930529   0.930979    0.98556    0.69483   0.986405   0.995675    0.99983   0.701546   0.950078   0.986031 
 0.0450774    81.8513    35.8079    48.7007    41.7397   -78.9296    91.5941    44.1654    85.6613   -19.5572     382.85   -16.5852   0.875604   -90.1681    0.70033     3.0214    90.9168   0.675248   0.365644    0.91551   0.982505   0.578661   0.916692   0.930508   0.930958   0.985471   0.695385   0.986254   0.995799   0.999845    0.70033   0.950362   0.986248 
 0.0449873    82.1719    35.8316    48.7474    41.7102    -78.741    91.9444    44.1721    85.6747   -19.6189    382.476   -16.5935   0.862575   -90.1608   0.699092    3.01247    90.9096   0.672849   0.365362   0.915851    0.98253   0.580518   0.916063   0.930487   0.930937    0.98538   0.695949    0.98611   0.995923   0.999858   0.699092   0.950652   0.986462 
 0.0448959    82.4897    35.8551    48.7925    41.6787   -78.5516    92.2932    44.1785    85.6878    -19.683    382.121    -16.601   0.849582   -90.1531    0.69787     3.0037    90.9026   0.670463   0.365081   0.916179   0.982556    0.58238   0.915434   0.930467   0.930916   0.985284   0.696482   0.985979   0.996045   0.999871    0.69787   0.950937   0.986667 
 0.0448031     82.805    35.8787    48.8384    41.6457   -78.3629    92.6437    44.1854    85.7016   -19.7497    381.759   -16.6091   0.836423   -90.1455    0.69663    2.99444    90.8953   0.668088     0.3648   0.916512   0.982584   0.584232     0.9148   0.930446   0.930894   0.985185   0.697026   0.985836   0.996166   0.999884    0.69663   0.951236   0.986882 
  0.044709    83.1179    35.9034    48.8827    41.6103   -78.1737     92.994     44.192    85.7156   -19.8187    381.394   -16.6166   0.823646   -90.1377   0.695401    2.98505    90.8881   0.665726   0.364505   0.916834   0.982613   0.586086   0.914164   0.930425   0.930872   0.985081   0.697574   0.985705   0.996283   0.999896   0.695401   0.951539   0.987091 
 0.0446136     83.429    35.9259    48.9295    41.5734   -77.9845    93.3459    44.1987    85.7299   -19.8896    381.043   -16.6243   0.810898   -90.1306   0.694134    2.97545    90.8809    0.66337   0.364236   0.917173   0.982644   0.587936   0.913523   0.930404   0.930849   0.984975   0.698101   0.985568   0.996397   0.999906   0.694134   0.951848     0.9873 
  0.044517    83.7374    35.9498    48.9746    41.5342   -77.7957    93.6984    44.2055    85.7449   -19.9634     380.69   -16.6318   0.797471   -90.1229   0.692883    2.96536    90.8736   0.661027   0.363951   0.917499   0.982677   0.589781   0.912878   0.930383   0.930825   0.984863    0.69863   0.985435   0.996515   0.999917   0.692883   0.952171   0.987508 
 0.0444192    84.0436    35.9726    49.0198    41.4935   -77.6063    94.0505    44.2121      85.76   -20.0392    380.353   -16.6392    0.78401   -90.1152   0.691624    2.95521    90.8664   0.658696   0.363678   0.917825   0.982711   0.591627   0.912232   0.930363   0.930801   0.984748   0.699135   0.985302   0.996632   0.999927   0.691624   0.952495   0.987711 
 0.0443202     84.348    35.9965     49.065      41.45   -77.4167    94.4047    44.2187    85.7757   -20.1173    380.001   -16.6462   0.771255    -90.108   0.690355    2.94466    90.8592   0.656372   0.363393   0.918151   0.982747   0.593472   0.911579   0.930342   0.930776   0.984629   0.699662   0.985178    0.99674   0.999936   0.690355   0.952831   0.987913 
   0.04422    84.6498    36.0195    49.1099    41.4049   -77.2268     94.758    44.2253    85.7915   -20.1978     379.67   -16.6529   0.758501   -90.1002   0.689085    2.93398     90.852   0.654061   0.363117   0.918473   0.982784   0.595317   0.910926   0.930321   0.930751   0.984507   0.700157   0.985057   0.996847   0.999945   0.689085    0.95317   0.988115 
 0.0441187    84.9486    36.0427    49.1543    41.3588   -77.0378    95.1113    44.2318    85.8073   -20.2807     379.33   -16.6602   0.744993   -90.0923   0.687817     2.9233     90.845   0.651767    0.36284   0.918792   0.982822   0.597152   0.910271   0.930301   0.930725   0.984379   0.700665   0.984925   0.996958   0.999953   0.687817   0.953508    0.98831 
 0.0440163    85.2451    36.0655    49.1995    41.3102   -76.8488    95.4659    44.2386    85.8234   -20.3661    378.999   -16.6667   0.732219   -90.0848    0.68653    2.91249    90.8375   0.649485   0.362568   0.919116   0.982863   0.598981   0.909611    0.93028     0.9307   0.984248    0.70116   0.984807   0.997062   0.999961    0.68653   0.953848   0.988514 
 0.0439128    85.5402    36.0884    49.2448     41.259   -76.6596    95.8223    44.2454    85.8407   -20.4538    378.669   -16.6733   0.719147   -90.0768   0.685234    2.90079    90.8301   0.647209   0.362294    0.91944   0.982905   0.600811   0.908945   0.930259   0.930672   0.984112   0.701652   0.984686   0.997166   0.999968   0.685234   0.954216   0.988715 
 0.0438083    85.8325    36.1118    49.2892    41.2063   -76.4704    96.1786    44.2518    85.8577   -20.5438     378.33   -16.6797   0.705981   -90.0691   0.683944    2.88926    90.8231   0.644948   0.362014   0.919756   0.982949   0.602637   0.908277   0.930239   0.930645   0.983973   0.702158   0.984569   0.997268   0.999974   0.683944   0.954576   0.988904 
 0.0437027    86.1229    36.1332    49.3354    41.1515   -76.2811    96.5358    44.2584    85.8749   -20.6358    378.016   -16.6858   0.693074   -90.0619   0.682625    2.87759    90.8159   0.642696   0.361759   0.920085   0.982994    0.60446   0.907605   0.930218   0.930617   0.983829   0.702626   0.984457   0.997367   0.999979   0.682625   0.954939   0.989098 
 0.0435961    86.4105    36.1557    49.3793    41.0949   -76.0915    96.8924     44.265    85.8928   -20.7306    377.707   -16.6919   0.679877   -90.0535    0.68133    2.86547    90.8086    0.64046    0.36149   0.920397    0.98304   0.606284   0.906932   0.930198   0.930589   0.983681   0.703086   0.984345   0.997467   0.999984    0.68133   0.955315   0.989289 
 0.0434885    86.6961     36.179    49.4237    41.0359   -75.9026    97.2521    44.2716    85.9111   -20.8278    377.374   -16.6979    0.66664   -90.0463   0.680019    2.85307    90.8014   0.638235   0.361211   0.920712   0.983089   0.608097   0.906251   0.930177    0.93056   0.983528   0.703583   0.984235   0.997564   0.999988   0.680019   0.955698   0.989478 
   0.04338    86.9786    36.2008    49.4685    40.9757   -75.7139    97.6101    44.2783    85.9291   -20.9273    377.066   -16.7036   0.653649   -90.0383   0.678702    2.84088     90.794   0.636028   0.360951   0.921029   0.983138   0.609905   0.905571   0.930156   0.930531    0.98337   0.704041   0.984128   0.997658   0.999992   0.678702   0.956073   0.989671 
 0.0432706    87.2605    36.2231    49.5136     40.912   -75.5247    97.9721    44.2848    85.9489   -21.0292     376.75   -16.7094   0.640211   -90.0305   0.677368    2.82736    90.7869   0.633821   0.360684   0.921348    0.98319   0.611716    0.90488   0.930136   0.930499   0.983208    0.70451   0.984021   0.997753   0.999995   0.677368   0.956487   0.989856 
 0.0431603    87.5385    36.2447    49.5588    40.8474   -75.3365    98.3328    44.2917    85.9677   -21.1336    376.442   -16.7148   0.627256   -90.0229   0.676032    2.81458    90.7793   0.631639   0.360425   0.921667   0.983243   0.613513    0.90419   0.930115   0.930469   0.983042   0.704968    0.98392   0.997843   0.999997   0.676032   0.956877   0.990048 
 0.0430491     87.815    36.2673    49.6034    40.7802    -75.148    98.6954    44.2981    85.9874   -21.2403     376.12   -16.7201   0.614052   -90.0154   0.674696    2.80116    90.7722   0.629465   0.360155   0.921981   0.983298    0.61531   0.903494   0.930095   0.930438   0.982871   0.705447   0.983821   0.997933   0.999999   0.674696   0.957284   0.990229 
 0.0429371    88.0893    36.2887    49.6483    40.7114   -74.9588    99.0584    44.3047    86.0076   -21.3492    375.818   -16.7256   0.601222   -90.0081   0.673349    2.78742    90.7648   0.627303   0.359899   0.922296   0.983355    0.61711   0.902794   0.930074   0.930405   0.982695   0.705895   0.983718   0.998019          1   0.673349   0.957699   0.990413 
 0.0428243    88.3606    36.3106    49.6924    40.6403   -74.7708    99.4214    44.3113    86.0278   -21.4609    375.516   -16.7303   0.587732   -89.9999    0.67201    2.77367    90.7576   0.625159   0.359638   0.922605   0.983412   0.618896   0.902092   0.930054   0.930373   0.982514   0.706342   0.983629   0.998107          1    0.67201   0.958113   0.990593 
 0.0427107    88.6299    36.3332    49.7354    40.5675   -74.5819     99.786    44.3179    86.0487   -21.5751    375.208   -16.7356   0.574832   -89.9925   0.670674    2.75944    90.7502   0.623027   0.359367   0.922907   0.983472   0.620688   0.901385   0.930033    0.93034   0.982328   0.706799   0.983529   0.998189          1   0.670674   0.958538   0.990775 
 0.0425963    88.8976    36.3548    49.7796    40.4916   -74.3929    100.153    44.3245    86.0707   -21.6916    374.915   -16.7404   0.561611   -89.9849   0.669318    2.74441    90.7429   0.620902   0.359109   0.923215   0.983533   0.622477   0.900671   0.930012   0.930305   0.982137   0.707232   0.983439   0.998271   0.999999   0.669318   0.958986   0.990955 
 0.0424813    89.1621    36.3758    49.8243    40.4147   -74.2055    100.519    44.3312    86.0921   -21.8105    374.618   -16.7451   0.548266   -89.9767   0.667955    2.72978    90.7355   0.618799   0.358857   0.923527   0.983596   0.624247   0.899956   0.929992    0.93027   0.981941   0.707673   0.983347   0.998352   0.999997   0.667955   0.959419   0.991132 
 0.0423655    89.4244    36.3976     49.868     40.335   -74.0176    100.886    44.3378    86.1141    -21.932    374.322   -16.7494   0.535095   -89.9689   0.666597    2.71474    90.7282   0.616708   0.358597   0.923831    0.98366   0.626019   0.899236   0.929971   0.930235    0.98174   0.708111   0.983267    0.99843   0.999995   0.666597   0.959862   0.991308 
 0.0422491    89.6852    36.4185    49.9118    40.2532   -73.8288    101.255    44.3441    86.1369   -22.0555    374.036   -16.7538   0.522086   -89.9612   0.665229    2.69913     90.721   0.614625   0.358346   0.924135   0.983726   0.627797   0.898511   0.929951   0.930198   0.981535   0.708532   0.983183   0.998506   0.999992   0.665229   0.960319   0.991477 
  0.042132    89.9426    36.4401    49.9552    40.1696   -73.6414    101.624     44.351    86.1596    -22.182    373.744   -16.7579   0.509074   -89.9538   0.663864    2.68359    90.7134   0.612566   0.358088   0.924436   0.983793   0.629557   0.897782    0.92993   0.930162   0.981323   0.708965   0.983104   0.998579   0.999988   0.663864   0.960772   0.991656 
 0.0420143    90.1984    36.4607    49.9999    40.0836   -73.4542    101.995    44.3575    86.1834   -22.3108    373.453   -16.7622   0.495838   -89.9457   0.662476    2.66731    90.7061   0.610514   0.357841   0.924745   0.983863   0.631314   0.897047   0.929909   0.930124   0.981106   0.709394   0.983022   0.998652   0.999984   0.662476   0.961243   0.991825 
  0.041896    90.4519    36.4807    50.0443    39.9958   -73.2665    102.367    44.3641     86.207   -22.4416    373.174   -16.7663   0.482959   -89.9382   0.661088     2.6511    90.6987   0.608478   0.357601   0.925052   0.983933    0.63307   0.896309   0.929889   0.930086   0.980885   0.709806   0.982943   0.998721   0.999979   0.661088    0.96171   0.991994 
 0.0417772    90.7031     36.502    50.0884    39.9047   -73.0801    102.741    44.3705     86.232   -22.5757    372.878   -16.7699   0.469249   -89.9303   0.659697    2.63397    90.6914   0.606456   0.357347   0.925356   0.984006   0.634813   0.895562   0.929869   0.930046   0.980656   0.710242   0.982874   0.998793   0.999973   0.659697     0.9622    0.99216 
 0.0416579    90.9517    36.5223    50.1313    39.8127   -72.8924    103.114    44.3771    86.2566   -22.7118    372.607   -16.7737   0.456535   -89.9223   0.658318    2.61707     90.684   0.604451   0.357103   0.925651   0.984079   0.636563   0.894817   0.929848   0.930007   0.980423   0.710642     0.9828   0.998857   0.999967   0.658318    0.96268   0.992327 
  0.041538    91.1978     36.543    50.1751    39.7178   -72.7062    103.489    44.3837    86.2817   -22.8505    372.321   -16.7768   0.443483   -89.9146   0.656924    2.59986    90.6766   0.602462   0.356856   0.925951   0.984155   0.638297   0.894064   0.929827   0.929966   0.980184   0.711063    0.98274   0.998922    0.99996   0.656924   0.963166   0.992491 
 0.0414177    91.4427     36.563    50.2187      39.62   -72.5188    103.867    44.3903    86.3086   -22.9919     372.05   -16.7804   0.430363   -89.9069   0.655522     2.5814    90.6692   0.600479   0.356616    0.92625   0.984233   0.640039   0.893303   0.929807   0.929923   0.979939   0.711462    0.98267   0.998985   0.999952   0.655522   0.963684   0.992654 
 0.0412969    91.6842    36.5829    50.2631    39.5211   -72.3334    104.245    44.3967    86.3345   -23.1355    371.763   -16.7836   0.416967   -89.8994   0.654112    2.56356     90.662    0.59852   0.356377   0.926553   0.984311   0.641758    0.89254   0.929787   0.929882   0.979688   0.711884   0.982607   0.999047   0.999945   0.654112   0.964182   0.992812 
 0.0411758    91.9239    36.6028    50.3064    39.4187   -72.1472    104.625    44.4032    86.3617   -23.2819    371.495   -16.7862   0.403909   -89.8915   0.652707    2.54483    90.6545   0.596573   0.356138   0.926849   0.984392   0.643482    0.89177   0.929766   0.929838   0.979431   0.712279   0.982557   0.999106   0.999935   0.652707     0.9647   0.992972 
 0.0410543    92.1602    36.6234    50.3492    39.3156    -71.962    105.003    44.4099    86.3884   -23.4308    371.208   -16.7892   0.391337   -89.8839   0.651307    2.52648     90.647   0.594649   0.355892    0.92714   0.984473   0.645193   0.890999   0.929746   0.929795   0.979168     0.7127   0.982499    0.99916   0.999926   0.651307   0.965204   0.993132 
 0.0409324    92.3951    36.6427    50.3932    39.2089   -71.7769    105.386    44.4165    86.4169   -23.5825     370.94   -16.7919   0.377777    -89.876   0.649887    2.50684    90.6395   0.592733   0.355661    0.92744   0.984557     0.6469   0.890218   0.929725   0.929749   0.978899   0.713093   0.982447   0.999218   0.999916   0.649887    0.96574    0.99329 
 0.0408102    92.6272    36.6623     50.436    39.1007    -71.592    105.769     44.423    86.4454   -23.7366     370.67   -16.7945   0.364434   -89.8679   0.648478    2.48722    90.6321   0.590837   0.355426    0.92773   0.984642   0.648602   0.889435   0.929705   0.929704   0.978623    0.71349   0.982394   0.999272   0.999904   0.648478   0.966271   0.993444 
 0.0406877    92.8568    36.6812    50.4789    38.9905   -71.4071    106.151    44.4296    86.4738   -23.8929    370.409   -16.7969   0.351949   -89.8599   0.647065    2.46765    90.6247   0.588958   0.355199   0.928021   0.984728   0.650302    0.88865   0.929684   0.929658   0.978341   0.713873   0.982349   0.999321   0.999892   0.647065   0.966797   0.993597 
 0.0405649    93.0849    36.6997    50.5232    38.8767   -71.2228    106.538    44.4361    86.5041   -24.0522    370.146   -16.7992    0.33847   -89.8524    0.64563    2.44672    90.6172   0.587089   0.354977    0.92832   0.984817   0.651991   0.887851   0.929663   0.929609   0.978053   0.714259   0.982303   0.999372   0.999881    0.64563   0.967355   0.993749 
 0.0404419      93.31    36.7192    50.5648    38.7611   -71.0381    106.924    44.4425    86.5341   -24.2139    369.882   -16.8009    0.32555   -89.8447   0.644223    2.42606      90.61    0.58524   0.354743     0.9286   0.984907   0.653682   0.887052   0.929644   0.929561   0.977758   0.714645   0.982269   0.999419   0.999868   0.644223   0.967901   0.993894 
 0.0403187     93.532    36.7382    50.6081    38.6436   -70.8554    107.313    44.4494    86.5643   -24.3785    369.611   -16.8028   0.312948   -89.8373   0.642794    2.40518    90.6021   0.583415   0.354515   0.928892   0.984998   0.655351   0.886247   0.929622   0.929512   0.977456   0.715042   0.982233   0.999463   0.999855   0.642794   0.968448    0.99405 
 0.0401954    93.7528     36.757    50.6498    38.5231   -70.6711    107.702    44.4556    86.5962   -24.5456    369.356   -16.8047   0.299519   -89.8292   0.641379    2.38314     90.595   0.581596    0.35429   0.929172   0.985091   0.657031   0.885435   0.929603   0.929461   0.977147   0.715416   0.982196   0.999508    0.99984   0.641379   0.969021    0.99419 
 0.0400719    93.9703    36.7748     50.694    38.4007   -70.4894    108.094    44.4623    86.6278   -24.7152    369.089   -16.8062   0.286503   -89.8218   0.639934    2.36132    90.5873   0.579802   0.354076   0.929469   0.985186   0.658685   0.884618   0.929581    0.92941   0.976831   0.715806   0.982164    0.99955   0.999826   0.639934   0.969582   0.994339 
 0.0399483    94.1853    36.7941    50.7357    38.2756   -70.3071    108.485    44.4689    86.6602   -24.8877    368.819   -16.8075   0.273887   -89.8137   0.638515    2.33893    90.5798   0.578025   0.353845   0.929748   0.985282    0.66034   0.883796   0.929561   0.929358   0.976508   0.716202   0.982139   0.999589    0.99981   0.638515   0.970154   0.994483 
 0.0398246    94.3982    36.8116    50.7784    38.1485    -70.125    108.879    44.4754    86.6934   -25.0626    368.566   -16.8091   0.260749    -89.806   0.637081    2.31597    90.5723   0.576263   0.353636   0.930033   0.985379   0.661992   0.882968   0.929541   0.929304   0.976178   0.716571   0.982108   0.999627   0.999794   0.637081   0.970734   0.994624 
 0.0397009    94.6092    36.8295    50.8212     38.018   -69.9433    109.275    44.4816    86.7273     -25.24    368.299   -16.8101   0.248223   -89.7981   0.635639    2.29249    90.5651   0.574515   0.353421   0.930318   0.985479   0.663635   0.882133   0.929521    0.92925   0.975841   0.716961   0.982089   0.999662   0.999776   0.635639   0.971322   0.994757 
 0.0395771    94.8163    36.8475    50.8631    37.8858   -69.7632    109.672    44.4885    86.7616   -25.4208    368.044   -16.8107    0.23491   -89.7903   0.634213    2.26876    90.5573   0.572795   0.353205   0.930597    0.98558   0.665262   0.881293     0.9295   0.929195   0.975495   0.717334   0.982076   0.999697   0.999759   0.634213    0.97191   0.994902 
 0.0394534    95.0218    36.8652    50.9056    37.7507   -69.5828    110.071     44.495     86.797   -25.6039    367.778   -16.8117   0.222004   -89.7827   0.632773    2.24425    90.5498   0.571087   0.352993   0.930879   0.985682   0.666888   0.880445   0.929479   0.929137   0.975142   0.717722   0.982056    0.99973   0.999741   0.632773    0.97251   0.995038 
 0.0393297    95.2246    36.8826    50.9474    37.6137   -69.4028    110.471    44.5015    86.8327   -25.7897    367.519   -16.8125   0.209063   -89.7748   0.631341    2.21947    90.5423   0.569399   0.352784   0.931156   0.985785   0.668507   0.879593   0.929459    0.92908   0.974781   0.718098   0.982041    0.99976   0.999722   0.631341   0.973111   0.995171 
 0.0392061    95.4247    36.8993    50.9895    37.4742   -69.2234    110.871    44.5081    86.8685   -25.9779    367.269   -16.8127   0.196741   -89.7673   0.629903    2.19464    90.5347   0.567731   0.352583   0.931435    0.98589   0.670117   0.878736   0.929438   0.929022   0.974414   0.718463   0.982037   0.999788   0.999703   0.629903   0.973707   0.995305 
 0.0390826    95.6223    36.9166    51.0311    37.3321   -69.0448    111.274    44.5145    86.9056   -26.1691    367.005   -16.8132   0.183733   -89.7594    0.62847    2.16889    90.5273   0.566081   0.352376   0.931709   0.985997   0.671718   0.877872   0.929418   0.928962   0.974037   0.718848   0.982028   0.999815   0.999683    0.62847   0.974318   0.995434 
 0.0389592    95.8171    36.9329    51.0728    37.1876   -68.8666    111.678    44.5212    86.9435   -26.3632    366.756   -16.8135   0.170955   -89.7515   0.627034    2.14263    90.5196   0.564452    0.35218   0.931984   0.986105   0.673311   0.877001   0.929397   0.928901   0.973652    0.71921   0.982022    0.99984   0.999661   0.627034   0.974933   0.995567 
  0.038836     96.009    36.9494    51.1143    37.0413   -68.6898    112.083    44.5277    86.9812   -26.5597    366.498   -16.8133   0.157947   -89.7439   0.625602    2.11645    90.5121   0.562846   0.351982   0.932257   0.986214   0.674889   0.876126   0.929377    0.92884    0.97326   0.719585   0.982024   0.999863    0.99964   0.625602    0.97554   0.995694 
 0.0387131    96.1993    36.9665    51.1547    36.8904   -68.5119    112.492     44.534    87.0208   -26.7593    366.237   -16.8128   0.145576   -89.7362   0.624175    2.08889    90.5048    0.56125   0.351777   0.932522   0.986326   0.676473   0.875241   0.929357   0.928776   0.972858   0.719965   0.982034   0.999884   0.999618   0.624175    0.97617   0.995816 
 0.0385903    96.3864    36.9823    51.1965    36.7381   -68.3358    112.901    44.5407    87.0611   -26.9617    365.981   -16.8127   0.133054   -89.7283   0.622734    2.06096     90.497    0.55968   0.351588   0.932796   0.986438   0.678039   0.874351   0.929336   0.928711   0.972448   0.720336   0.982037   0.999903   0.999595   0.622734     0.9768   0.995943 
 0.0384678    96.5711    36.9978    51.2374    36.5837   -68.1597    113.312     44.547    87.1016   -27.1664    365.728   -16.8125    0.12044   -89.7207   0.621302    2.03277    90.4897   0.558129   0.351401   0.933064   0.986552   0.679602   0.873456   0.929316   0.928645    0.97203   0.720704   0.982042    0.99992   0.999572   0.621302   0.977428   0.996061 
 0.0383457    96.7527    37.0139    51.2776    36.4263   -67.9847    113.724    44.5534    87.1426   -27.3741    365.469   -16.8115   0.107917   -89.7132    0.61988    2.00425    90.4823     0.5566   0.351208   0.933326   0.986667   0.681151   0.872553   0.929296   0.928579   0.971603   0.721081   0.982062   0.999936   0.999549    0.61988   0.978055    0.99618 
 0.0382238    96.9319    37.0284    51.3196    36.2662    -67.811    114.138    44.5599    87.1845   -27.5844    365.217   -16.8102  0.0956784   -89.7055   0.618437    1.97514    90.4747   0.555091   0.351034   0.933599   0.986783   0.682687   0.871644   0.929276   0.928511   0.971167   0.721445   0.982086    0.99995   0.999525   0.618437   0.978686   0.996298 
 0.0381023     97.108    37.0442    51.3596    36.1034   -67.6376    114.554    44.5664    87.2278   -27.7983    364.953   -16.8093   0.082993   -89.6977   0.617017    1.94496    90.4671   0.553605   0.350844   0.933859   0.986902   0.684216   0.870727   0.929255   0.928441    0.97072   0.721828   0.982105   0.999962   0.999499   0.617017    0.97933   0.996415 
 0.0379812    97.2823    37.0588    51.4004    35.9376   -67.4642    114.973    44.5725     87.272   -28.0144    364.693   -16.8083  0.0706297   -89.6902   0.615583    1.91414    90.4599   0.552134   0.350669   0.934124   0.987021   0.685742   0.869802   0.929236   0.928369   0.970265   0.722205   0.982124   0.999973   0.999474   0.615583   0.979977   0.996525 
 0.0378606     97.452    37.0738    51.4404    35.7711   -67.2936    115.391    44.5793    87.3157   -28.2335    364.431   -16.8068  0.0578795   -89.6827   0.614169    1.88375    90.4521   0.550699   0.350489   0.934383   0.987141   0.687241   0.868875   0.929215   0.928298   0.969801   0.722585   0.982154   0.999982   0.999448   0.614169   0.980606   0.996642 
 0.0377404    97.6196    37.0879    51.4799    35.6016   -67.1222     115.81    44.5859    87.3608   -28.4554    364.183   -16.8053  0.0455431   -89.6747   0.612758    1.85232    90.4445    0.54928    0.35032   0.934638   0.987262   0.688744   0.867941   0.929194   0.928225   0.969327   0.722943   0.982183   0.999989    0.99942   0.612758   0.981246   0.996753 
 0.0376207    97.7851    37.1015    51.5192    35.4294    -66.951    116.231     44.592    87.4064   -28.6795    363.933   -16.8036  0.0335422   -89.6675   0.611345    1.82056    90.4374   0.547878   0.350156   0.934892   0.987385   0.690243   0.867001   0.929175   0.928151   0.968844   0.723305   0.982216   0.999994   0.999394   0.611345   0.981882   0.996857 
 0.0375015    97.9472    37.1154    51.5593    35.2535   -66.7821    116.656    44.5984    87.4535   -28.9073    363.666   -16.8016  0.0213595   -89.6598   0.609928     1.7877    90.4299   0.546503   0.349989    0.93515    0.98751   0.691718    0.86605   0.929155   0.928075    0.96835   0.723692   0.982255   0.999997   0.999366   0.609928   0.982528   0.996964 
 0.0373829    98.1061     37.129    51.5993    35.0755   -66.6147    117.081     44.605     87.501    -29.138      363.4   -16.7992 0.00907282    -89.652   0.608517    1.75452    90.4223   0.545154   0.349826   0.935407   0.987635   0.693177   0.865093   0.929134   0.927997   0.967845   0.724076   0.982303          1   0.999336   0.608517   0.983168    0.99707 
 0.0372649    98.2627    37.1414    51.6382    34.8959   -66.4463    117.507    44.6112    87.5488   -29.3705    363.154   -16.7969 -0.00288688   -89.6451   0.607115    1.72122    90.4151   0.543822   0.349677   0.935657   0.987761   0.694643   0.864133   0.929115    0.92792   0.967333   0.724431   0.982349          1    0.99931   0.607115     0.9838   0.997169 
 0.0371475    98.4161    37.1548    51.6777    34.7123   -66.2803    117.937    44.6175    87.5985    -29.607    362.871   -16.7946 -0.0150315   -89.6376    0.60571    1.68647    90.4077   0.542517   0.349515    0.93591   0.987889   0.696083    0.86316   0.929095   0.927839   0.966808    0.72484   0.982393   0.999999    0.99928    0.60571   0.984445   0.997268 
 0.0370308     98.566    37.1669    51.7161     34.528   -66.1149    118.365     44.624     87.648   -29.8457    362.621   -16.7919 -0.0269821   -89.6298   0.604323    1.65196    90.4002    0.54124    0.34937   0.936155   0.988017   0.697518   0.862189   0.929075   0.927758   0.966273     0.7252   0.982446   0.999996   0.999249   0.604323   0.985074   0.997368 
 0.0369147    98.7138    37.1792     51.754     34.339   -65.9493    118.798    44.6302    87.6994   -30.0877    362.362   -16.7888 -0.0385886   -89.6227   0.602938    1.61603    90.3929    0.53998   0.349222   0.936397   0.988148    0.69895   0.861203   0.929055   0.927674   0.965727   0.725573   0.982507   0.999992   0.999219   0.602938   0.985715   0.997463 
 0.0367994    98.8576    37.1915    51.7919    34.1489   -65.7862    119.231    44.6367    87.7509   -30.3326    362.094   -16.7857 -0.0504193   -89.6151   0.601563    1.58004    90.3854   0.538753   0.349074   0.936638   0.988279   0.700358   0.860215   0.929035    0.92759    0.96517    0.72596   0.982566   0.999986   0.999188   0.601563   0.986342   0.997559 
 0.0366849    98.9988    37.2028    51.8295    33.9569   -65.6232    119.664    44.6429     87.803   -30.5798    361.833   -16.7828  -0.061968   -89.6077    0.60019    1.54364    90.3782   0.537548   0.348939   0.936877    0.98841   0.701762   0.859222   0.929015   0.927506   0.964604   0.726336   0.982624   0.999979   0.999156    0.60019   0.986963    0.99765 
 0.0365711    99.1372    37.2137    51.8676    33.7606   -65.4614    120.102     44.649    87.8573   -30.8307    361.563   -16.7796 -0.0738747   -89.6005   0.598814     1.5056     90.371   0.536364   0.348808   0.937119   0.988543   0.703154   0.858215   0.928996   0.927417   0.964024   0.726724   0.982685    0.99997   0.999125   0.598814   0.987596   0.997738 
 0.0364582    99.2722    37.2246    51.9048    33.5623   -65.3011    120.539    44.6552    87.9116   -31.0841    361.296   -16.7757 -0.0854155   -89.5931   0.597456    1.46766    90.3638   0.535209   0.348677   0.937354   0.988677    0.70453   0.857205   0.928977   0.927328   0.963434   0.727108   0.982761    0.99996   0.999092   0.597456   0.988213   0.997824 
 0.0363461    99.4034    37.2353    51.9419    33.3625   -65.1422    120.978    44.6617    87.9668   -31.3406    361.019   -16.7723 -0.0970209   -89.5859   0.596102    1.42905    90.3564   0.534085   0.348548   0.937589   0.988811    0.70589   0.856189   0.928956   0.927238   0.962832   0.727505   0.982827   0.999948    0.99906   0.596102   0.988823   0.997913 
 0.0362349    99.5321    37.2453     51.979    33.1596   -64.9843    121.419    44.6677    88.0228   -31.5996     360.74   -16.7685  -0.108328   -89.5785   0.594751    1.38982    90.3494   0.532982   0.348428   0.937823   0.988947   0.707241   0.855166   0.928937   0.927147   0.962219   0.727906   0.982901   0.999936   0.999026   0.594751   0.989428   0.997993 
 0.0361246    99.6571    37.2554    52.0152    32.9538   -64.8275    121.861    44.6741      88.08   -31.8621    360.466   -16.7641  -0.119436   -89.5715   0.593416    1.34976     90.342    0.53191   0.348307   0.938051   0.989083   0.708579   0.854134   0.928917   0.927053   0.961593     0.7283   0.982984   0.999922   0.998993   0.593416   0.990027   0.998078 
 0.0360153    99.7789    37.2646    52.0509    32.7467   -64.6714    122.304    44.6803    88.1378    -32.127    360.197   -16.7601  -0.130778   -89.5643   0.592092    1.30926    90.3348   0.530864   0.348197   0.938275    0.98922   0.709908   0.853099   0.928898   0.926958   0.960956   0.728687   0.983062   0.999906    0.99896   0.592092   0.990616   0.998157 
 0.0359069    99.8981    37.2738     52.086    32.5366   -64.5159    122.748     44.686    88.1962   -32.3943    359.915   -16.7557  -0.141314   -89.5577   0.590776    1.26833    90.3282    0.52984   0.348086   0.938496   0.989357   0.711231   0.852057    0.92888   0.926863   0.960308    0.72909   0.983147   0.999891   0.998928   0.590776   0.991192    0.99823 
 0.0357996    100.013    37.2822    52.1221    32.3242   -64.3638    123.194    44.6922     88.256   -32.6653    359.632   -16.7509  -0.152722   -89.5501   0.589461    1.22645    90.3211   0.528852   0.347985   0.938722   0.989496   0.712521   0.851008    0.92886   0.926765   0.959645   0.729497   0.983238   0.999872    0.99889   0.589461   0.991764   0.998305 
 0.0356933    100.125    37.2898    52.1572    32.1104    -64.212     123.64    44.6984    88.3161   -32.9387     359.36   -16.7461  -0.163689   -89.5429   0.588162    1.18435     90.314   0.527892   0.347893   0.938941   0.989634   0.713807   0.849955   0.928841   0.926666   0.958972   0.729886    0.98333   0.999853   0.998855   0.588162   0.992319   0.998379 
 0.0355881    100.233     37.298    52.1919     31.893   -64.0616     124.09    44.7047    88.3779   -33.2156    359.067   -16.7413  -0.174471   -89.5367   0.586871    1.14096    90.3068    0.52696   0.347795   0.939158   0.989774   0.715079   0.848889   0.928821   0.926565   0.958284   0.730305   0.983421   0.999833   0.998823   0.586871   0.992871   0.998452 
 0.0354841    100.338    37.3048    52.2269    31.6724   -63.9122    124.541    44.7104    88.4409   -33.4951    358.781   -16.7357  -0.184994   -89.5295   0.585582     1.0968    90.3002   0.526052   0.347713   0.939376   0.989914   0.716339   0.847819   0.928803   0.926461   0.957584   0.730713   0.983526   0.999812   0.998786   0.585582   0.993411   0.998518 
 0.0353811    100.439    37.3118    52.2609    31.4516   -63.7652    124.991    44.7164    88.5035   -33.7771    358.487   -16.7302  -0.195625   -89.5227   0.584315     1.0529    90.2934    0.52518   0.347629   0.939588   0.990054   0.717578   0.846746   0.928784   0.926359   0.956872   0.731134   0.983631    0.99979   0.998751   0.584315   0.993928   0.998585 
 0.0352793    100.537    37.3185    52.2944    31.2291   -63.6191    125.442    44.7225    88.5673   -34.0621    358.186   -16.7253  -0.206004   -89.5157   0.583059    1.00807    90.2864   0.524339   0.347548   0.939796   0.990194   0.718807   0.845668   0.928765   0.926254   0.956146   0.731564   0.983722   0.999767   0.998714   0.583059   0.994433   0.998651 
 0.0351788    100.631    37.3239    52.3278    31.0042   -63.4741    125.893    44.7282    88.6317   -34.3494    357.897   -16.7196  -0.216386   -89.5088   0.581812   0.962876    90.2799   0.523525   0.347483   0.940003   0.990335   0.720023   0.844585   0.928747   0.926148   0.955409   0.731976    0.98383   0.999743   0.998677   0.581812   0.994921   0.998712 
 0.0350795    100.722    37.3298    52.3597    30.7753   -63.3301    126.348    44.7343    88.6983   -34.6408    357.605   -16.7134  -0.226313   -89.5023   0.580589    0.91612    90.2731   0.522742   0.347412     0.9402   0.990477    0.72123    0.84349   0.928728   0.926038   0.954655   0.732393   0.983946   0.999719   0.998642   0.580589   0.995402   0.998774 
 0.0349814    100.808    37.3349    52.3916    30.5468   -63.1881    126.801    44.7404    88.7646   -34.9341    357.304   -16.7079   -0.23639   -89.4957   0.579374   0.869527    90.2663   0.521995   0.347351   0.940398   0.990617   0.722417   0.842396   0.928709   0.925929    0.95389   0.732822   0.984049   0.999694   0.998606   0.579374   0.995857   0.998834 
 0.0348846    100.892    37.3393    52.4236    30.3146   -63.0473    127.256     44.746     88.832     -35.23    357.003   -16.7013  -0.245872   -89.4893   0.578165   0.822168      90.26   0.521271   0.347298   0.940595   0.990759   0.723592   0.841293   0.928691   0.925818   0.953111   0.733251   0.984172   0.999669    0.99857   0.578165   0.996296   0.998889 
 0.0347892    100.971    37.3431    52.4559    30.0813   -62.9095    127.713    44.7518    88.9006   -35.5292     356.69    -16.695  -0.256176   -89.4825   0.576965   0.773994    90.2535   0.520586   0.347253   0.940794   0.990901   0.724741   0.840184   0.928673   0.925705   0.952318   0.733696   0.984288    0.99964   0.998532   0.576965   0.996717   0.998943 
  0.034695    101.047    37.3469    52.4875    29.8462   -62.7729    128.169    44.7574    88.9695   -35.8308    356.365   -16.6886   -0.26587   -89.4762    0.57578   0.725553    90.2472   0.519931   0.347207   0.940988   0.991042   0.725877   0.839071   0.928655   0.925591   0.951512    0.73416   0.984407   0.999612   0.998496    0.57578   0.997115   0.998995 
 0.0346023    101.119    37.3503    52.5172    29.6099   -62.6373    128.625    44.7631    89.0388   -36.1348    356.055   -16.6816  -0.275433   -89.4701   0.574626   0.676857    90.2409   0.519309   0.347166   0.941171   0.991183   0.727003   0.837957   0.928637   0.925476   0.950692   0.734599   0.984535   0.999584   0.998461   0.574626   0.997489   0.999045 
  0.034511    101.187    37.3519    52.5474    29.3719   -62.5025    129.081    44.7689    89.1095   -36.4415    355.754   -16.6751  -0.284544   -89.4636   0.573472   0.627101    90.2346    0.51872   0.347147   0.941356   0.991324    0.72812   0.836837   0.928619   0.925359   0.949859   0.735028   0.984654   0.999556   0.998423   0.573472   0.997845   0.999095 
 0.0344211    101.251    37.3545    52.5763    29.1324   -62.3702    129.538    44.7744     89.181   -36.7513    355.425   -16.6684  -0.293983   -89.4571   0.572346   0.576833    90.2285   0.518166   0.347115   0.941533   0.991465   0.729215   0.835713   0.928601   0.925241    0.94901   0.735495   0.984776   0.999526   0.998385   0.572346   0.998176   0.999142 
 0.0343327    101.311    37.3558    52.6055    28.8901   -62.2402    129.997    44.7801    89.2533   -37.0638    355.108   -16.6605  -0.303084   -89.4508   0.571228   0.525948    90.2224   0.517645   0.347099   0.941712   0.991606   0.730289   0.834582   0.928584   0.925121   0.948147   0.735944    0.98492   0.999496   0.998347   0.571228   0.998484   0.999187 
 0.0342457    101.367    37.3569    52.6345    28.6458   -62.1108    130.456    44.7856     89.327   -37.3789    354.769   -16.6535  -0.311363   -89.4452   0.570116   0.474097    90.2164   0.517154   0.347087   0.941889   0.991747   0.731356   0.833444   0.928566   0.924999   0.947269   0.736425   0.985046   0.999468   0.998313   0.570116   0.998768    0.99923 
 0.0341602    101.419    37.3576    52.6622    28.4027   -61.9843    130.913    44.7911    89.4002   -37.6961    354.436    -16.646  -0.321004   -89.4392   0.569038   0.422573    90.2105   0.516704   0.347079   0.942057   0.991887   0.732398   0.832308   0.928549   0.924878   0.946379   0.736896   0.985181   0.999435   0.998276   0.569038   0.999021   0.999271 
 0.0340763    101.468    37.3567    52.6898    28.1581   -61.8579    131.369    44.7964    89.4742   -38.0153    354.111   -16.6389  -0.329338    -89.433   0.567964   0.370482    90.2048   0.516283   0.347089   0.942225   0.992026   0.733437   0.831172   0.928532   0.924755   0.945475   0.737356   0.985308   0.999405   0.998238   0.567964   0.999247    0.99931 
  0.033994    101.512    37.3567    52.7158    27.9122   -61.7342    131.826    44.8019    89.5488   -38.3375    353.772   -16.6312  -0.337858   -89.4272   0.566924   0.317938    90.1989   0.515902   0.347089   0.942383   0.992164   0.734452   0.830031   0.928515   0.924631   0.944555   0.737835   0.985446   0.999374   0.998202   0.566924   0.999446   0.999349 
 0.0339132    101.552    37.3554    52.7427    27.6638   -61.6125    132.284    44.8075    89.6247   -38.6625    353.428   -16.6233  -0.345741   -89.4214   0.565883   0.264455    90.1931   0.515555   0.347105   0.942546   0.992303   0.735449   0.828883   0.928497   0.924505   0.943621   0.738322   0.985587   0.999345   0.998165   0.565883   0.999617   0.999387 
 0.0338329    101.599    37.2709    52.7328    27.4557    -61.403    132.663    44.8171    89.6936   -38.9662    355.383   -16.6063  -0.357657   -89.4139    0.56516   0.215931    90.1833   0.515147   0.348121   0.942487   0.992418   0.737162    0.82793   0.928467    0.92439    0.94274   0.735554   0.985886   0.999299   0.998117    0.56516   0.999744   0.999448 
 0.0337564     101.62    37.3506    52.7943    27.1645   -61.3732    133.198    44.8177    89.7784   -39.3188    352.733   -16.6072   -0.36178   -89.4108   0.563856   0.156215    90.1825    0.51496   0.347163   0.942859   0.992578   0.737405    0.82658   0.928465   0.924249   0.941709   0.739303   0.985871   0.999282   0.998097   0.563856   0.999866   0.999452 
 0.0336804    101.648    37.3478    52.8184    26.9148   -61.2567    133.653    44.8228    89.8559   -39.6505    352.379    -16.599  -0.370172   -89.4049   0.562882    0.10161    90.1773    0.51472   0.347196   0.943005   0.992713   0.738355   0.825429   0.928449    0.92412   0.940731   0.739802   0.986013   0.999249   0.998059   0.562882   0.999943   0.999483 
 0.0336061    101.671    37.3439    52.8421    26.6639   -61.1412    134.108    44.8281    89.9339   -39.9844    352.035   -16.5906  -0.377679   -89.3998   0.561922  0.0465726    90.1719   0.514516   0.347243   0.943148   0.992848   0.739296   0.824276   0.928432    0.92399   0.939739   0.740286   0.986159   0.999218   0.998025   0.561922   0.999988   0.999514 
 0.0335335     101.69      37.34    52.8655    26.4139   -61.0285     134.56    44.8333    90.0115   -40.3198    351.673   -16.5824  -0.385396   -89.3944   0.560981 -0.00811441    90.1667   0.514349   0.347289   0.943289   0.992982   0.740212   0.823126   0.928416    0.92386   0.938735   0.740796   0.986303   0.999186   0.997989   0.560981          1   0.999543 
 0.0334626    101.706    37.3354    52.8889     26.161   -60.9175    135.014    44.8382    90.0909   -40.6581    351.297   -16.5738   -0.39247   -89.3892   0.560048 -0.0641176    90.1619   0.514215   0.347345    0.94343   0.993115   0.741113   0.821967     0.9284   0.923728   0.937713   0.741324    0.98645   0.999156   0.997955   0.560048   0.999977   0.999569 
 0.0333933    101.717    37.3302    52.9108    25.9088    -60.808    135.464    44.8433    90.1703   -40.9984    350.933    -16.565  -0.399418   -89.3836   0.559146  -0.120109    90.1569   0.514121   0.347408   0.943562   0.993247   0.742001   0.820813   0.928384   0.923595   0.936677   0.741836     0.9866   0.999125   0.997918   0.559146   0.999921   0.999595 
 0.0333258    101.723    37.3247    52.9327    25.6566   -60.7012    135.914    44.8481    90.2499   -41.3405    350.551   -16.5562  -0.406673   -89.3782   0.558259  -0.176215    90.1521   0.514064   0.347474   0.943693   0.993378   0.742865   0.819659   0.928369   0.923462   0.935627   0.742372   0.986751   0.999093   0.997881   0.558259    0.99983   0.999619 
 0.0332601    101.726    37.3171    52.9547    25.4032   -60.5947    136.364    44.8528    90.3303   -41.6843    350.184   -16.5474  -0.413043   -89.3738   0.557376  -0.232957    90.1477   0.514037   0.347565   0.943826   0.993508   0.743727   0.818502   0.928354   0.923327   0.934564   0.742887   0.986899   0.999065    0.99785   0.557376   0.999702   0.999641 
  0.033196    101.724    37.3106     52.975    25.1512   -60.4914     136.81    44.8578    90.4102     -42.03    349.798   -16.5384  -0.419698    -89.369    0.55653  -0.289341     90.143   0.514054   0.347644   0.943948   0.993636   0.744561   0.817349   0.928339   0.923193   0.933487   0.743428   0.987052   0.999034   0.997817    0.55653   0.999541   0.999664 
 0.0331338    101.719    37.3033    52.9938    24.8973   -60.3881    137.256    44.8621    90.4913   -42.3778    349.413   -16.5291   -0.42574   -89.3645   0.555708  -0.346582    90.1389   0.514101   0.347731    0.94406   0.993764   0.745393   0.816193   0.928325   0.923057   0.932394   0.743967   0.987207   0.999006   0.997787   0.555708   0.999341   0.999683 
 0.0330733    101.708    37.2948    53.0136     24.645   -60.2885      137.7    44.8671    90.5728   -42.7277    349.024     -16.52  -0.432251   -89.3596   0.554895  -0.404069    90.1343   0.514195   0.347833   0.944179   0.993889   0.746194    0.81504   0.928309    0.92292   0.931286   0.744511   0.987358   0.998976   0.997752   0.554895   0.999105   0.999703 
 0.0330146    101.693    37.2865    53.0302    24.3935   -60.1888    138.141    44.8718     90.654    -43.079    348.645   -16.5109  -0.438556    -89.355   0.554125  -0.461424    90.1301   0.514323   0.347933   0.944278   0.994013   0.746996   0.813893   0.928294   0.922784   0.930165   0.745041    0.98751   0.998946    0.99772   0.554125   0.998833   0.999722 
 0.0329576    101.675    37.2765    53.0497    24.1409   -60.0926    138.581     44.876    90.7354   -43.4314    348.243   -16.5013  -0.444009   -89.3504   0.553336  -0.518844    90.1264    0.51448   0.348053   0.944395   0.994137   0.747768   0.812744   0.928281   0.922647   0.929031   0.745603   0.987667   0.998919   0.997687   0.553336   0.998524   0.999737 
 0.0329025    101.652    37.2665    53.0679    23.8904   -59.9985    139.018    44.8806    90.8167   -43.7855    347.834   -16.4923  -0.449884    -89.346   0.552576  -0.576254    90.1223   0.514681   0.348173   0.944503   0.994257   0.748523     0.8116   0.928267    0.92251   0.927883   0.746173   0.987815    0.99889   0.997656   0.552576    0.99818   0.999754 
 0.0328491    101.625    37.2555    53.0839    23.6401   -59.9045    139.453    44.8852    90.8983   -44.1412    347.451   -16.4826  -0.455478    -89.342   0.551852  -0.633901    90.1184   0.514919   0.348306   0.944599   0.994377   0.749276   0.810459   0.928252   0.922372   0.926722   0.746706   0.987972   0.998863   0.997627   0.551852   0.997798    0.99977 
 0.0327976    101.593    37.2448    53.0995    23.3909    -59.813    139.885    44.8895    90.9803   -44.4986    347.035   -16.4737  -0.461197   -89.3376   0.551144  -0.691811    90.1147   0.515195   0.348434   0.944692   0.994495   0.750007   0.809321   0.928238   0.922234   0.925545   0.747286   0.988116   0.998834   0.997595   0.551144   0.997377   0.999784 
 0.0327479    101.558    37.2325    53.1163    23.1416    -59.724    140.315    44.8935     91.062   -44.8569     346.62    -16.464  -0.466608   -89.3335   0.550438  -0.749507    90.1114   0.515502   0.348582   0.944791   0.994611   0.750718   0.808185   0.928226   0.922096   0.924357   0.747863   0.988271   0.998806   0.997565   0.550438   0.996921   0.999796 
    0.0327    101.517    37.2212    53.1299    22.8937    -59.636    140.742    44.8979    91.1435   -45.2168    346.205   -16.4541  -0.471468   -89.3293   0.549779  -0.807137    90.1078   0.515851   0.348718   0.944872   0.994726    0.75142   0.807056   0.928212   0.921959   0.923154    0.74844   0.988428   0.998781   0.997535   0.549779    0.99643   0.999809 
 0.0326539    101.474     37.208    53.1448    22.6458   -59.5492    141.167    44.9019    91.2254   -45.5776    345.783   -16.4447  -0.475516   -89.3258   0.549113  -0.864946    90.1047    0.51623   0.348877   0.944961    0.99484   0.752112   0.805928   0.928199    0.92182   0.921939   0.749025   0.988577    0.99876   0.997509   0.549113   0.995901    0.99982 
 0.0326096    101.425    37.1943    53.1582    22.4005   -59.4651    141.588    44.9061    91.3072   -45.9401     345.37   -16.4349  -0.480868   -89.3214   0.548483  -0.922808    90.1014   0.516654   0.349041   0.945041   0.994951   0.752781   0.804809   0.928186   0.921682   0.920709   0.749598   0.988732   0.998732   0.997476   0.548483   0.995334   0.999831 
 0.0325672    101.373    37.1804     53.172    22.1554   -59.3821    142.007    44.9097    91.3885   -46.3028    344.933   -16.4254  -0.485155   -89.3185   0.547855  -0.980208    90.0987   0.517103   0.349209   0.945122   0.995061   0.753441   0.803691   0.928174   0.921544   0.919469   0.750203    0.98888    0.99871   0.997454   0.547855   0.994736    0.99984 
 0.0325265    101.316    37.1656    53.1841    21.9118   -59.3002    142.422    44.9139    91.4702   -46.6672    344.511   -16.4159  -0.488956   -89.3148   0.547258   -1.03797    90.0955   0.517596   0.349386   0.945194   0.995169   0.754091   0.802581   0.928161   0.921406   0.918214   0.750787   0.989027   0.998689   0.997427   0.547258   0.994098    0.99985 
 0.0324877    101.255    37.1512     53.195    21.6693   -59.2212    142.835    44.9177     91.552   -47.0333    344.077   -16.4055  -0.493883   -89.3113   0.546693   -1.09577    90.0928   0.518128   0.349559   0.945259   0.995275   0.754718   0.801473   0.928149   0.921267   0.916944   0.751388   0.989187   0.998663     0.9974   0.546693   0.993424   0.999858 
 0.0324507     101.19    37.1358     53.207    21.4304   -59.1438    143.242    44.9217    91.6319   -47.3985    343.636   -16.3961  -0.497617   -89.3075   0.546124   -1.15226    90.0899    0.51869   0.349744    0.94533   0.995378   0.755331    0.80038   0.928137   0.921131   0.915668   0.751998   0.989331   0.998643   0.997372   0.546124   0.992729   0.999867 
 0.0324155    101.122    37.1192     53.218    21.1918   -59.0666    143.646    44.9254    91.7122   -47.7648    343.204   -16.3867  -0.501077   -89.3044   0.545573   -1.20905    90.0874   0.519283   0.349943   0.945395   0.995481   0.755942   0.799291   0.928125   0.920995   0.914378   0.752594   0.989475   0.998624   0.997348   0.545573   0.991995   0.999874 
  0.032382    101.048    37.1022     53.228    20.9541   -58.9914    144.049    44.9291    91.7934    -48.133    342.767   -16.3769  -0.504894   -89.3011   0.545049   -1.26645     90.085   0.519918   0.350147   0.945454   0.995581   0.756536   0.798204   0.928113   0.920857   0.913073   0.753196   0.989623   0.998603   0.997323   0.545049   0.991219   0.999881 
 0.0323504    100.972    37.0849    53.2372    20.7184   -58.9175    144.447    44.9325    91.8735   -48.5012    342.328    -16.367  -0.508375    -89.298   0.544543   -1.32311    90.0829   0.520582   0.350356   0.945509    0.99568    0.75712   0.797127   0.928103    0.92072   0.911758   0.753799   0.989771   0.998583   0.997299   0.544543   0.990416   0.999887 
 0.0323206     100.89    37.0677    53.2467    20.4838    -58.847    144.843    44.9361    91.9536   -48.8707    341.865   -16.3568  -0.511801   -89.2954    0.54405   -1.37974    90.0805   0.521287   0.350561   0.945565   0.995777   0.757676   0.796052   0.928091   0.920584   0.910429   0.754436   0.989923   0.998564   0.997279    0.54405    0.98958   0.999893 
 0.0322926    100.806    37.0486    53.2554    20.2536   -58.7757    145.231    44.9394    92.0322   -49.2393    341.437   -16.3472  -0.515371   -89.2922   0.543571   -1.43533    90.0786   0.522017   0.350791   0.945616   0.995872   0.758238   0.794995   0.928081    0.92045   0.909093   0.755026   0.990065   0.998544   0.997255   0.543571   0.988725   0.999898 
 0.0322663    100.716    37.0316    53.2628    20.0228   -58.7076     145.62    44.9429    92.1117   -49.6101    340.949   -16.3376  -0.518115   -89.2897   0.543121   -1.49154    90.0766    0.52279   0.350995    0.94566   0.995965   0.758775   0.793937    0.92807   0.920314   0.907741   0.755694   0.990205   0.998528   0.997235   0.543121   0.987827   0.999904 
 0.0322418    100.623    37.0122    53.2709    19.7959   -58.6404    146.001    44.9464    92.1897   -49.9802    340.497    -16.328  -0.521023   -89.2868   0.542673   -1.54674    90.0745   0.523592   0.351228   0.945708   0.996056   0.759303   0.792894   0.928058   0.920181   0.906381   0.756314   0.990346   0.998512   0.997212   0.542673   0.986911   0.999909 
 0.0322191    100.526    36.9924     53.277    19.5699   -58.5737    146.381    44.9498    92.2684   -50.3516    340.048   -16.3181  -0.523864   -89.2842   0.542255   -1.60236    90.0727    0.52443   0.351466   0.945744   0.996145   0.759827   0.791856   0.928048   0.920047   0.905007    0.75693   0.990489   0.998496   0.997192   0.542255   0.985955   0.999913 
 0.0321981    100.426    36.9718    53.2839    19.3457   -58.5088    146.755    44.9526    92.3461   -50.7227     339.59   -16.3081  -0.526497   -89.2814   0.541839   -1.65732    90.0715   0.525293   0.351714   0.945785   0.996233   0.760337   0.790827   0.928039   0.919914   0.903624   0.757556   0.990632    0.99848    0.99717   0.541839   0.984977   0.999916 
 0.0321788    100.322    36.9519    53.2893    19.1256   -58.4451    147.125     44.956    92.4223   -51.0937    339.127   -16.2986  -0.528765   -89.2789    0.54145   -1.71126    90.0697   0.526193   0.351953   0.945816   0.996318   0.760837   0.789812   0.928028   0.919783   0.902233   0.758188   0.990767   0.998467    0.99715    0.54145   0.983986    0.99992 
 0.0321613    100.214    36.9306     53.295    18.9058   -58.3828    147.492    44.9589    92.4992   -51.4657     338.66    -16.289  -0.531086   -89.2768   0.541067   -1.76567    90.0683   0.527124   0.352208    0.94585   0.996402   0.761325     0.7888   0.928019   0.919652   0.900828   0.758826   0.990904   0.998454   0.997134   0.541067   0.982954   0.999923 
 0.0321454    100.102    36.9093    53.2998    18.6891   -58.3218    147.854    44.9618    92.5752   -51.8377    338.192   -16.2793   -0.53316   -89.2739   0.540703   -1.81939    90.0671   0.528086   0.352464   0.945878   0.996484   0.761803   0.787801    0.92801   0.919521   0.899414   0.759464    0.99104   0.998442   0.997111   0.540703   0.981905   0.999926 
 0.0321313    99.9862    36.8876     53.304     18.475   -58.2614    148.212     44.965    92.6507     -52.21    337.718   -16.2703  -0.535259   -89.2722   0.540354   -1.87287    90.0657   0.529082   0.352724   0.945903   0.996564   0.762275    0.78681      0.928   0.919392   0.897989   0.760109   0.991165   0.998429   0.997097   0.540354   0.980829   0.999929 
 0.0321188    99.8672    36.8654    53.3088    18.2621   -58.2039    148.567    44.9676    92.7256   -52.5824    337.236   -16.2602  -0.537377   -89.2704   0.540011   -1.92584    90.0648   0.530105    0.35299   0.945931   0.996643   0.762724   0.785826   0.927991   0.919263   0.896555   0.760766   0.991305   0.998417   0.997083   0.540011   0.979733   0.999931 
 0.0321081    99.7446    36.8423    53.3114    18.0535   -58.1449    148.914    44.9704    92.7995   -52.9542    336.784   -16.2509   -0.53925   -89.2677   0.539695   -1.97812    90.0638   0.531158   0.353268   0.945946   0.996719   0.763185    0.78486   0.927983   0.919136   0.895112   0.761379   0.991432   0.998406   0.997061   0.539695   0.978621   0.999933 
 0.0320989    99.6179    36.8197     53.315    17.8448   -58.0895    149.261    44.9732    92.8738   -53.3274    336.286   -16.2414  -0.540521   -89.2661   0.539383   -2.03072    90.0628   0.532247   0.353538   0.945968   0.996795   0.763618   0.783894   0.927974   0.919008   0.893656   0.762055   0.991562   0.998398   0.997048   0.539383   0.977474   0.999935 
 0.0320914     99.488    36.7968     53.317    17.6414   -58.0342      149.6     44.976    92.9459   -53.6993    335.814   -16.2319  -0.542424    -89.264   0.539094   -2.08177    90.0619    0.53336   0.353813    0.94598   0.996867   0.764049   0.782949   0.927965   0.918884   0.892195   0.762694   0.991691   0.998387   0.997031   0.539094   0.976332   0.999937 
 0.0320856    99.3541    36.7725    53.3198    17.4385   -57.9804    149.937    44.9785    93.0191   -54.0723    335.329   -16.2225  -0.544086    -89.262   0.538806   -2.13353    90.0612   0.534507   0.354104   0.945996   0.996939   0.764469   0.782007   0.927957   0.918758    0.89072   0.763351   0.991816   0.998377   0.997015   0.538806   0.975145   0.999938 
 0.0320813    99.2172    36.7484    53.3217    17.2391   -57.9274    150.269    44.9813    93.0904   -54.4444    334.852    -16.213  -0.545361   -89.2604   0.538535   -2.18403    90.0604    0.53568   0.354393   0.946007   0.997009   0.764881   0.781078   0.927948   0.918635   0.889239   0.763997   0.991943    0.99837   0.997002   0.538535   0.973959    0.99994 
 0.0320787    99.0774    36.7246    53.3219     17.041   -57.8742    150.597    44.9833    93.1615   -54.8166     334.36   -16.2038  -0.546419   -89.2588   0.538286   -2.23432    90.0604   0.536875   0.354678   0.946008   0.997077   0.765295   0.780159   0.927942   0.918513   0.887749    0.76466   0.992064   0.998363   0.996989   0.538286   0.972752    0.99994 
 0.0320776    98.9345    36.6991    53.3238    16.8475   -57.8227    150.919    44.9858    93.2307   -55.1875    333.891   -16.1947  -0.547481   -89.2575   0.538027    -2.2833    90.0598   0.538096   0.354984   0.946019   0.997143   0.765696   0.779254   0.927934   0.918393   0.886254   0.765294   0.992184   0.998357   0.996978   0.538027    0.97155   0.999941 
 0.0320781    98.7866    36.6748    53.3234    16.6552   -57.7726    151.237    44.9883     93.301   -55.5602    333.394   -16.1854  -0.548604   -89.2557   0.537805     -2.333    90.0593   0.539359   0.355276   0.946017   0.997208   0.766084   0.778357   0.927926   0.918272   0.884743   0.765963   0.992305    0.99835   0.996964   0.537805   0.970304   0.999942 
 0.0320801    98.6366    36.6489    53.3248    16.4654   -57.7236    151.551    44.9906    93.3697   -55.9316    332.904   -16.1763  -0.549064   -89.2542   0.537568   -2.38163    90.0589   0.540639   0.355586   0.946025   0.997271   0.766465   0.777472   0.927919   0.918153   0.883228   0.766622   0.992422   0.998347   0.996951   0.537568    0.96906   0.999943 