
start point:  0.030809   -3.15864    34.2065    56.1756    -30.946   -68.8912   -148.059    53.7152   -91.6309    54.7867     450.03   -13.9782   -3.77461    3.18913   0.554298    8.80211    88.6854   0.999488   0.384679   0.961528   0.990371   0.673091   0.787233   0.897784   0.712305   0.887869   0.587734   0.994281    0.92289   0.999613   0.554298   0.963044   0.971886

start point:  0.030809   -3.15788    34.2065    56.1761   -30.9458   -68.8918   -148.058    53.7152   -91.6308     54.787    450.024   -13.9778   -3.77457    3.18851   0.554291     8.8021    88.6855   0.999488   0.384679   0.961531   0.990371   0.673085   0.787235   0.897784   0.712306   0.887867   0.587744   0.994277   0.922892   0.999613   0.554291   0.963044   0.971888

start point:  0.030809   -3.15862     34.206    56.1769   -30.9456    -68.892   -148.059    53.7151   -91.6309    54.7867    450.024   -13.9778   -3.77463    3.18832    0.55428      8.802    88.6855   0.999488   0.384684   0.961535   0.990371   0.673084   0.787234   0.897784   0.712306   0.887869   0.587745   0.994276   0.922889   0.999613    0.55428    0.96305   0.971888

start point:  0.030809   -3.15821    34.2065    56.1764   -30.9449   -68.8919    -148.06    53.7152   -91.6306    54.7871    450.028   -13.9778   -3.77427    3.18968   0.554287    8.80205    88.6856   0.999488   0.384678   0.961532   0.990372   0.673085    0.78723   0.897784   0.712307   0.887867   0.587739   0.994276   0.922904   0.999613   0.554287   0.963047   0.971895

start point:  0.030809   -3.15645    34.2058    56.1772   -30.9457    -68.893   -148.059    53.7151    -91.631    54.7877    450.026   -13.9783   -3.77421    3.18976    0.55428    8.80197    88.6853   0.999488   0.384687   0.961536   0.990371   0.673075   0.787232   0.897784   0.712305   0.887865   0.587741   0.994282   0.922906   0.999613    0.55428   0.963051   0.971882

start point:  0.030809   -3.15796    34.2059    56.1763   -30.9459   -68.8917   -148.058    53.7151   -91.6307    54.7871    450.037   -13.9781   -3.77441    3.18865    0.55429    8.80201    88.6855   0.999488   0.384686   0.961532   0.990371   0.673086   0.787235   0.897784   0.712306   0.887867   0.587723    0.99428   0.922898   0.999613    0.55429   0.963049   0.971891

start point: 0.0308005   -3.14496    34.3616    56.2905   -30.8826    -69.039   -148.346    53.7328   -91.6533    54.7885    444.855   -13.9589   -3.82462    3.34505   0.552526    8.82186    88.6671   0.999492   0.382842     0.9621    0.99041   0.671769   0.786438   0.897718   0.712172   0.887862   0.596468   0.994062   0.920861   0.999574   0.552526   0.961921   0.971105












0.0286236   -45.3726    38.2715    53.8752   -23.4785   -60.1657   -141.558    51.9332   -88.6778    76.0497     363.65    -16.433  -0.557509   -62.0742   0.538595    7.00321    91.0409   0.896135   0.336064   0.949218   0.994454   0.747182   0.804888   0.904345   0.729678   0.787744   0.723715   0.988761   0.998296   0.856834   0.538595   0.994592     0.9823

0.0286236   -45.3729    38.2714    53.8754   -23.4789   -60.1654   -141.556    51.9334   -88.6779    76.0495    363.652   -16.4331  -0.557798   -62.0755   0.538592    7.00344    91.0409   0.896134   0.336066   0.949218   0.994453   0.747184   0.804893   0.904344   0.729678   0.787745   0.723712    0.98876   0.998294   0.856828   0.538592   0.994597   0.982302

0.0286236   -45.3722    38.2713    53.8754   -23.4794   -60.1662   -141.555    51.9334   -88.6778    76.0498    363.652    -16.433  -0.557466   -62.0764   0.538596    7.00337     91.041   0.896137   0.336066   0.949218   0.994453   0.747177   0.804896   0.904344   0.729679   0.787743   0.723712   0.988761   0.998297   0.856824   0.538596   0.994595   0.982299
