 0.0592432   -6.66202    23.6069    78.6083   -31.0898   -80.4183   -152.712    52.8214   -94.1656     51.861    368.708   -14.0622   -3.70474   -1.38433          1    8.42487    86.6821 
 0.0594304   -6.88669    23.6753    78.5794   -31.1508   -80.4801   -152.535    52.7999   -94.1654     51.809    367.359    -14.092   -3.67831   -1.75731          1    8.40475    86.6832 
 0.0596117   -7.11621    23.7425    78.5516   -31.2096   -80.5385   -152.363    52.7789   -94.1652     51.755    366.028   -14.1207    -3.6526   -2.12765          1    8.38504    86.6843 
 0.0597872   -7.35221     23.809    78.5231   -31.2669   -80.5924   -152.194    52.7588   -94.1646    51.6982    364.731   -14.1491   -3.62749    -2.4961          1    8.36602    86.6857 
 0.0599572   -7.59131    23.8733     78.498   -31.3224   -80.6449   -152.032    52.7391   -94.1637    51.6404    363.449   -14.1775   -3.60298   -2.86018          1    8.34733    86.6873 
 0.0601218   -7.83661    23.9358    78.4735   -31.3771   -80.6932   -151.871    52.7201   -94.1634    51.5795    362.188   -14.2048   -3.57928   -3.22443          1    8.32945    86.6883 
  0.060281   -8.08422    23.9973    78.4497     -31.43   -80.7391   -151.714    52.7016   -94.1624     51.518    360.957   -14.2316   -3.55605    -3.5856          1    8.31189    86.6899 
 0.0604352   -8.34062    24.0575     78.427   -31.4801   -80.7798   -151.563    52.6839   -94.1609    51.4529    359.754    -14.258   -3.53388   -3.94266          1     8.2949    86.6919 
 0.0605843   -8.59599    24.1156    78.4072   -31.5305   -80.8205   -151.413    52.6666   -94.1598    51.3882    358.557   -14.2838   -3.51234   -4.29954          1    8.27844    86.6935 
 0.0607285   -8.85874    24.1723    78.3861   -31.5783   -80.8556   -151.269    52.6501   -94.1585    51.3204    357.417   -14.3096   -3.49067   -4.65173          1    8.26263    86.6953 
 0.0608681    -9.1261    24.2274    78.3671   -31.6234   -80.8871   -151.132    52.6337   -94.1574    51.2507    356.284    -14.334   -3.47044   -4.99972          1    8.24703    86.6969 
 0.0610031   -9.39411    24.2815    78.3498   -31.6678   -80.9176   -150.997    52.6181   -94.1557    51.1811    355.165   -14.3588   -3.45069   -5.34456          1      8.232    86.6989 
 0.0611336    -9.6688    24.3328    78.3347   -31.7091   -80.9442    -150.87    52.6031   -94.1542    51.1088    354.091   -14.3829   -3.43088   -5.68479          1    8.21752    86.7008 
 0.0612599   -9.94465    24.3844    78.3188   -31.7498   -80.9676   -150.743    52.5886    -94.152    51.0362    353.028    -14.406   -3.41268    -6.0244          1    8.20345    86.7031 
  0.061382   -10.2249    24.4339    78.3052   -31.7879   -80.9883   -150.624    52.5748   -94.1501    50.9619     351.99   -14.4291   -3.39433   -6.35784          1       8.19    86.7052 
 0.0615001   -10.5064     24.482     78.291   -31.8249   -81.0057   -150.505    52.5614   -94.1476    50.8874    351.001   -14.4519   -3.37652   -6.68929          1    8.17677    86.7078 
 0.0616143   -10.7897    24.5289    78.2794   -31.8602   -81.0215   -150.393    52.5484   -94.1455    50.8123    350.004    -14.474   -3.35972   -7.01661          1    8.16406    86.7101 
 0.0617247   -11.0763    24.5738    78.2689   -31.8941   -81.0343   -150.283    52.5362   -94.1428    50.7359    349.054    -14.496   -3.34307   -7.34131          1    8.15188    86.7128 
 0.0618314   -11.3659    24.6184    78.2582    -31.925   -81.0435   -150.181    52.5244   -94.1399    50.6588    348.121   -14.5174   -3.32708   -7.65947          1       8.14    86.7156 
 0.0619347   -11.6564    24.6609    78.2489    -31.955   -81.0503   -150.081    52.5127   -94.1375    50.5813    347.214   -14.5384   -3.31172   -7.97476          1    8.12845     86.718 
 0.0620345   -11.9477    24.7029    78.2414   -31.9832   -81.0559   -149.985    52.5018   -94.1344     50.504    346.313   -14.5588   -3.29697    -8.2869          1    8.11741    86.7209 
  0.062131   -12.2409    24.7429    78.2355   -32.0091   -81.0591   -149.894    52.4913   -94.1311    50.4262    345.448   -14.5789   -3.28232   -8.59403          1    8.10665     86.724 
 0.0622243   -12.5361    24.7816    78.2288    -32.034   -81.0587   -149.807    52.4811   -94.1284    50.3476    344.616    -14.599   -3.26799   -8.89731          1    8.09639    86.7266 
 0.0623146   -12.8319    24.8203    78.2233   -32.0564   -81.0565   -149.725    52.4716   -94.1244    50.2695    343.795   -14.6185    -3.2545   -9.19612          1    8.08633    86.7302 
 0.0624019   -13.1285    24.8561    78.2201   -32.0779   -81.0528   -149.645    52.4623   -94.1211     50.191    343.007   -14.6375   -3.24108   -9.49267          1    8.07672    86.7332 
 0.0624862   -13.4228    24.8937    78.2148   -32.0981   -81.0472   -149.567    52.4534   -94.1173    50.1142    342.213    -14.656   -3.22837   -9.78475          1     8.0674    86.7366 
 0.0625678   -13.7206    24.9286    78.2122   -32.1161   -81.0391   -149.495    52.4451   -94.1131    50.0361     341.46   -14.6747   -3.21597   -10.0723          1    8.05846    86.7403 
 0.0626467   -14.0176     24.963    78.2096   -32.1323   -81.0294   -149.428    52.4371   -94.1091    49.9588    340.724   -14.6928   -3.20359   -10.3555          1    8.04981    86.7438 
  0.062723    -14.314    24.9959    78.2088   -32.1478   -81.0182   -149.362    52.4292   -94.1051     49.882    339.997   -14.7105   -3.19232   -10.6357          1    8.04127    86.7473 
 0.0627968   -14.6094    25.0295    78.2066   -32.1604   -81.0052   -149.303    52.4215   -94.1008    49.8064    339.292   -14.7281   -3.18054   -10.9086          1    8.03288     86.751 
 0.0628681   -14.9067    25.0599    78.2067   -32.1741   -80.9899   -149.241    52.4146   -94.0966    49.7296    338.619   -14.7453   -3.16995   -11.1844          1    8.02525    86.7547 
 0.0629371   -15.2012    25.0911    78.2067   -32.1851   -80.9742   -149.185    52.4078   -94.0919    49.6549     337.95   -14.7621   -3.15931   -11.4535          1    8.01755    86.7587 
 0.0630038   -15.4965    25.1211    78.2077   -32.1951   -80.9566   -149.131    52.4016   -94.0867    49.5802    337.308    -14.779   -3.14896   -11.7197          1    8.01029    86.7631 
 0.0630682   -15.7907    25.1502    78.2099   -32.2026   -80.9382   -149.083    52.3954   -94.0817    49.5065    336.677   -14.7955   -3.13866   -11.9798          1    8.00302    86.7674 
 0.0631306   -16.0817    25.1785    78.2109   -32.2121   -80.9184   -149.029    52.3894   -94.0772    49.4339    336.061   -14.8111   -3.12934   -12.2435          1    7.99619    86.7712 
 0.0631908   -16.3759    25.2062    78.2139    -32.216   -80.8964    -148.99    52.3837   -94.0719    49.3611    335.469   -14.8272    -3.1193   -12.4942          1     7.9894    86.7756 
  0.063249   -16.6658    25.2343    78.2165   -32.2203   -80.8747   -148.949    52.3783   -94.0667    49.2904     334.87   -14.8428   -3.10992   -12.7445          1    7.98282      86.78 
 0.0633053   -16.9552    25.2603    78.2194    -32.225   -80.8509   -148.906    52.3731   -94.0614      49.22    334.311   -14.8579    -3.1012   -12.9957          1    7.97645    86.7844 
 0.0633597    -17.245    25.2862     78.224   -32.2267   -80.8263   -148.871    52.3683   -94.0558      49.15    333.753   -14.8731   -3.09233   -13.2395          1    7.97042     86.789 
 0.0634123   -17.5314    25.3121    78.2272   -32.2279   -80.8007   -148.836    52.3634   -94.0505    49.0818    333.208   -14.8879   -3.08372   -13.4809          1    7.96433    86.7934 
  0.063463   -17.8169     25.337    78.2314   -32.2284   -80.7746   -148.802    52.3591   -94.0444    49.0145    332.686   -14.9026   -3.07514   -13.7206          1    7.95858    86.7984 
  0.063512   -18.1008    25.3609    78.2371   -32.2283   -80.7478   -148.771    52.3548   -94.0386    48.9481    332.169   -14.9173   -3.06729   -13.9575          1    7.95288    86.8032 
 0.0635594   -18.3837    25.3847    78.2427    -32.227   -80.7203   -148.742     52.351   -94.0326    48.8824    331.663   -14.9318   -3.05917   -14.1912          1    7.94763    86.8081 
 0.0636051   -18.6645    25.4087    78.2469    -32.224   -80.6911   -148.716    52.3469   -94.0268    48.8182    331.171   -14.9457   -3.05134   -14.4204          1    7.94214    86.8129 
 0.0636492   -18.9422     25.432    78.2527   -32.2213    -80.663   -148.689    52.3432   -94.0205    48.7557    330.685   -14.9596   -3.04361   -14.6497          1    7.93695     86.818 
 0.0636918   -19.2213    25.4539    78.2599   -32.2162   -80.6328   -148.666    52.3398   -94.0139     48.693    330.223   -14.9731   -3.03628   -14.8744          1    7.93191    86.8234 
 0.0637329   -19.4974    25.4756    78.2659   -32.2113   -80.6021   -148.644    52.3365   -94.0079    48.6317    329.771   -14.9865   -3.02883   -15.0974          1    7.92706    86.8283 
 0.0637725    -19.773    25.4975    78.2726   -32.2049   -80.5702   -148.625    52.3333   -94.0013    48.5712     329.32   -14.9998   -3.02222   -15.3166          1    7.92225    86.8336 
 0.0638107   -20.0441    25.5184    78.2796    -32.199   -80.5396   -148.606    52.3302    -93.995    48.5128    328.883   -15.0134   -3.01493   -15.5347          1    7.91753    86.8387 
 0.0638475   -20.3145    25.5392    78.2866   -32.1916   -80.5076   -148.587    52.3273   -93.9884    48.4552    328.461    -15.026   -3.00804   -15.7509          1    7.91293    86.8441 
 0.0638829   -20.5837    25.5592    78.2942   -32.1836    -80.475   -148.571    52.3244   -93.9821    48.3983    328.043    -15.039   -3.00151   -15.9639          1    7.90847    86.8492 
  0.063917   -20.8503    25.5796    78.3012    -32.175   -80.4422   -148.556    52.3218   -93.9753    48.3429    327.635   -15.0516   -2.99479   -16.1752          1    7.90415    86.8547 
 0.0639498   -21.1169    25.6001    78.3083   -32.1647   -80.4081   -148.544    52.3195    -93.968    48.2881    327.234   -15.0643   -2.98859   -16.3821          1    7.89993    86.8605 
 0.0639814   -21.3795    25.6193     78.317   -32.1545   -80.3754   -148.533    52.3169   -93.9616    48.2352    326.836   -15.0768   -2.98196   -16.5878          1    7.89572    86.8657 
 0.0640117   -21.6401    25.6391    78.3245   -32.1436   -80.3419   -148.521    52.3147   -93.9544    48.1836    326.449   -15.0886   -2.97573   -16.7931          1     7.8916    86.8715 
 0.0640409   -21.9009    25.6582     78.332   -32.1315   -80.3066   -148.514    52.3125   -93.9472    48.1322    326.079   -15.1011    -2.9697   -16.9932          1    7.88753    86.8773 
 0.0640689   -22.1588    25.6761    78.3411   -32.1204   -80.2725   -148.502    52.3106   -93.9403     48.082    325.712   -15.1128   -2.96398   -17.1963          1    7.88382    86.8828 
 0.0640957   -22.4155     25.695    78.3499   -32.1069   -80.2378   -148.497    52.3088   -93.9331    48.0331    325.343   -15.1248   -2.95796   -17.3925          1    7.88008    86.8886 
 0.0641214   -22.6696    25.7125    78.3589   -32.0938   -80.2028    -148.49    52.3068   -93.9259    47.9854    324.998   -15.1366   -2.95212   -17.5891          1    7.87621    86.8944 
  0.064146   -22.9218    25.7314    78.3677   -32.0794   -80.1682   -148.485    52.3053    -93.918    47.9392    324.639    -15.148   -2.94649   -17.7833          1    7.87259    86.9006 
 0.0641696   -23.1725    25.7485    78.3759   -32.0656   -80.1321    -148.48    52.3034   -93.9113    47.8933    324.306   -15.1596   -2.94083   -17.9764          1    7.86902     86.906 
 0.0641921   -23.4214    25.7661    78.3854   -32.0503   -80.0966   -148.478    52.3018   -93.9037     47.849    323.965   -15.1711   -2.93556   -18.1661          1    7.86536    86.9121 
 0.0642136   -23.6685    25.7834    78.3936   -32.0352   -80.0604   -148.474    52.3004   -93.8965    47.8055    323.642   -15.1824      -2.93   -18.3557          1    7.86201    86.9179 
 0.0642341   -23.9141    25.7999    78.4038   -32.0188   -80.0248   -148.473     52.299   -93.8886    47.7632    323.326   -15.1934   -2.92449   -18.5431          1     7.8586    86.9241 
 0.0642536   -24.1569    25.8179    78.4113   -32.0023   -79.9883   -148.472    52.2976   -93.8813    47.7223    323.002   -15.2044   -2.91927   -18.7282          1    7.85517      86.93 
 0.0642721   -24.3997    25.8337    78.4218   -31.9853    -79.952   -148.472    52.2965   -93.8736    47.6816    322.699   -15.2153   -2.91392   -18.9125          1     7.8521    86.9361 
 0.0642897   -24.6393    25.8505    78.4311   -31.9677   -79.9159   -148.472    52.2954   -93.8654    47.6429    322.395   -15.2262   -2.90895   -19.0952          1    7.84874    86.9427 
 0.0643064   -24.8773    25.8653    78.4416   -31.9508   -79.8796   -148.471    52.2941   -93.8579    47.6047     322.11   -15.2368   -2.90408   -19.2785          1    7.84549    86.9487 
 0.0643222   -25.1142     25.882    78.4511   -31.9314   -79.8431   -148.476    52.2931   -93.8504    47.5675    321.803   -15.2473   -2.89874   -19.4554          1    7.84243    86.9546 
 0.0643371   -25.3494    25.8983    78.4587   -31.9132   -79.8051   -148.477    52.2923   -93.8423    47.5312    321.532   -15.2579   -2.89377   -19.6348          1    7.83948     86.961 
 0.0643511   -25.5823     25.913    78.4698    -31.894    -79.769    -148.48    52.2911   -93.8344    47.4964    321.255   -15.2683     -2.889   -19.8117          1    7.83624    86.9673 
 0.0643643   -25.8126     25.929    78.4792   -31.8752   -79.7329   -148.483    52.2903   -93.8265    47.4628    320.969   -15.2789   -2.88416   -19.9876          1    7.83324    86.9737 
 0.0643766   -26.0443    25.9447    78.4884   -31.8539   -79.6946    -148.49    52.2897   -93.8181    47.4291    320.706    -15.289   -2.87928   -20.1596          1    7.83045    86.9803 
 0.0643881   -26.2715    25.9607     78.498   -31.8333   -79.6584   -148.496    52.2888   -93.8104    47.3975     320.42   -15.2989   -2.87459   -20.3315          1     7.8275    86.9864 
 0.0643988   -26.4986    25.9753    78.5082   -31.8123   -79.6212   -148.502    52.2882   -93.8023    47.3662    320.164   -15.3089    -2.8698   -20.5026          1     7.8247    86.9929 
 0.0644087   -26.7236    25.9895     78.519   -31.7919   -79.5843   -148.508    52.2877   -93.7943    47.3357    319.908   -15.3192   -2.86522   -20.6735          1    7.82205    86.9991 
 0.0644178   -26.9456    26.0048    78.5279   -31.7711   -79.5476   -148.512     52.287   -93.7859    47.3072    319.654    -15.329   -2.86079   -20.8438          1    7.81911    87.0058 
 0.0644262   -27.1684    26.0195    78.5388   -31.7483   -79.5105   -148.522    52.2867   -93.7774    47.2787    319.399    -15.339   -2.85629   -21.0095          1    7.81648    87.0126 
 0.0644338   -27.3879    26.0337    78.5483   -31.7267   -79.4734   -148.528    52.2861   -93.7693    47.2515    319.165   -15.3487    -2.8515    -21.177          1    7.81379     87.019 
 0.0644406   -27.6062    26.0488    78.5574   -31.7042   -79.4361   -148.536    52.2857   -93.7612    47.2252    318.913   -15.3582   -2.84719    -21.342          1    7.81119    87.0254 
 0.0644468   -27.8236    26.0623    78.5686   -31.6809   -79.3991   -148.546    52.2852   -93.7529    47.1997    318.679   -15.3679   -2.84286   -21.5051          1    7.80844     87.032 
 0.0644522    -28.039    26.0768    78.5792   -31.6573   -79.3623   -148.557    52.2848   -93.7445    47.1752    318.433   -15.3774   -2.83861   -21.6668          1    7.80583    87.0386 
 0.0644569   -28.2534    26.0906    78.5884    -31.634   -79.3245   -148.565    52.2847   -93.7361    47.1513    318.219   -15.3865   -2.83406     -21.83          1    7.80347    87.0453 
 0.0644609   -28.4647     26.105    78.5978   -31.6104   -79.2877   -148.574    52.2841   -93.7276    47.1292    317.989    -15.396   -2.82982   -21.9906          1     7.8007     87.052 
 0.0644643   -28.6755    26.1196    78.6082   -31.5858   -79.2512   -148.587     52.284    -93.719    47.1075    317.747   -15.4056   -2.82555   -22.1485          1    7.79826    87.0588 
  0.064467   -28.8854    26.1322    78.6189   -31.5619   -79.2136   -148.597    52.2837   -93.7107    47.0861    317.538   -15.4149   -2.82174   -22.3082          1    7.79579    87.0654 
  0.064469   -29.0927    26.1459    78.6291   -31.5374   -79.1774   -148.607    52.2838   -93.7021    47.0663    317.322   -15.4237   -2.81707   -22.4671          1    7.79351    87.0722 
 0.0644703   -29.2987    26.1603    78.6376   -31.5127   -79.1399   -148.617    52.2835   -93.6933    47.0475    317.108   -15.4328   -2.81325   -22.6242          1    7.79098    87.0792 
 0.0644711   -29.5036    26.1728    78.6495   -31.4874   -79.1038   -148.631    52.2833   -93.6851    47.0291    316.891   -15.4423   -2.80898   -22.7784          1    7.78853    87.0857 
 0.0644712   -29.7085    26.1859    78.6591   -31.4608   -79.0655   -148.645    52.2832   -93.6762    47.0111    316.699   -15.4509   -2.80504   -22.9319          1     7.7861    87.0927 
 0.0644706   -29.9102    26.2003    78.6691   -31.4348   -79.0296   -148.657    52.2835   -93.6672    46.9948    316.478   -15.4597   -2.80082   -23.0861          1    7.78402    87.0998 
 0.0644695   -30.1106    26.2133    78.6791   -31.4094   -78.9928    -148.67    52.2834   -93.6588     46.979    316.275    -15.469   -2.79675   -23.2386          1     7.7817    87.1065 
 0.0644678   -30.3105    26.2267    78.6894   -31.3822   -78.9559   -148.684    52.2835   -93.6499    46.9639    316.068   -15.4774   -2.79308   -23.3898          1    7.77945    87.1135 
 0.0644655   -30.5078    26.2389    78.6996   -31.3561   -78.9196   -148.697    52.2834   -93.6412    46.9501    315.888   -15.4862   -2.78863   -23.5418          1    7.77705    87.1204 
 0.0644625    -30.704    26.2518    78.7094   -31.3301   -78.8829   -148.709    52.2834   -93.6325    46.9367    315.693   -15.4952   -2.78501    -23.693          1     7.7748    87.1273 
 0.0644591   -30.9025    26.2664    78.7184   -31.3004   -78.8445   -148.726    52.2844   -93.6221    46.9234    315.501   -15.5035   -2.78145   -23.8396          1    7.77303    87.1354 
  0.064455   -31.0936    26.2769    78.7298   -31.2753   -78.8095   -148.738    52.2837   -93.6145    46.9124    315.325   -15.5122   -2.77721   -23.9907          1    7.77034    87.1415 
 0.0644504    -31.287    26.2898    78.7406   -31.2466   -78.7732   -148.755     52.284   -93.6054    46.9012    315.133   -15.5205    -2.7732   -24.1368          1    7.76832    87.1486 
 0.0644452   -31.4778    26.3023      78.75   -31.2195   -78.7365   -148.769     52.284   -93.5969    46.8911     314.95   -15.5291   -2.76949    -24.284          1    7.76611    87.1554 
 0.0644395   -31.6677    26.3146    78.7603   -31.1913   -78.7005   -148.783    52.2843   -93.5876    46.8818    314.778   -15.5373   -2.76547   -24.4307          1    7.76396    87.1627 
 0.0644333   -31.8565    26.3275    78.7708   -31.1621   -78.6647   -148.801    52.2845   -93.5782    46.8735     314.59   -15.5456   -2.76177   -24.5744          1    7.76176    87.1701 
 0.0644265   -32.0443    26.3393    78.7802    -31.134   -78.6275   -148.816    52.2846   -93.5697    46.8652    314.426   -15.5541     -2.758   -24.7187          1    7.75964    87.1769 
 0.0644192   -32.2293    26.3523      78.79   -31.1059   -78.5921   -148.832    52.2849   -93.5606    46.8586    314.237   -15.5625   -2.75442   -24.8629          1     7.7575     87.184 
 0.0644115   -32.4148     26.364    78.8008   -31.0763    -78.556   -148.848    52.2852   -93.5514     46.852    314.071   -15.5703    -2.7508    -25.006          1    7.75547    87.1913 
 0.0644031   -32.5998    26.3761    78.8105   -31.0464   -78.5192   -148.866    52.2858    -93.542    46.8459    313.912   -15.5784   -2.74686   -25.1471          1    7.75364    87.1987 
 0.0643943   -32.7819    26.3883    78.8203   -31.0169   -78.4832   -148.885    52.2858   -93.5333    46.8412    313.737    -15.587   -2.74329   -25.2865          1    7.75136    87.2056 
  0.064385   -32.9641    26.3999    78.8314   -30.9864   -78.4474   -148.903    52.2864   -93.5238    46.8367    313.578   -15.5947    -2.7395   -25.4267          1    7.74949    87.2131 
 0.0643753   -33.1432    26.4124    78.8409   -30.9569   -78.4123   -148.919    52.2867   -93.5143    46.8338     313.41   -15.6027   -2.73573   -25.5674          1    7.74744    87.2205 
  0.064365   -33.3218    26.4242    78.8501   -30.9276    -78.376   -148.935    52.2869   -93.5057     46.831    313.248   -15.6108   -2.73244   -25.7071          1    7.74541    87.2274 
 0.0643543   -33.4993    26.4356    78.8611    -30.897   -78.3412   -148.954    52.2873   -93.4962    46.8292    313.092   -15.6188   -2.72851    -25.845          1    7.74335    87.2348 
 0.0643431   -33.6772    26.4473    78.8706   -30.8655   -78.3046   -148.974    52.2879   -93.4868    46.8274    312.945   -15.6264   -2.72482   -25.9816          1    7.74155    87.2423 
 0.0643314   -33.8525    26.4589    78.8806   -30.8352   -78.2691    -148.99    52.2884   -93.4774    46.8268    312.789   -15.6341   -2.72167   -26.1201          1    7.73963    87.2497 
 0.0643193   -34.0264    26.4707    78.8895   -30.8043   -78.2334   -149.008    52.2887   -93.4679    46.8271    312.644    -15.642   -2.71792   -26.2563          1    7.73755    87.2571 
 0.0643067   -34.1996    26.4824    78.8997   -30.7729   -78.1982   -149.029    52.2891   -93.4588    46.8278    312.484   -15.6497   -2.71437    -26.391          1    7.73567    87.2643 
 0.0642937   -34.3723    26.4932      78.91   -30.7415   -78.1626   -149.047    52.2897   -93.4494    46.8289    312.345   -15.6574   -2.71087   -26.5261          1    7.73383    87.2718 
 0.0642803   -34.5423    26.5064    78.9176    -30.711   -78.1272   -149.062    52.2905    -93.439    46.8316    312.193   -15.6653   -2.70772   -26.6632          1    7.73203    87.2799 
 0.0642664   -34.7127    26.5156    78.9311   -30.6778   -78.0934   -149.087    52.2906   -93.4304     46.834    312.051   -15.6725   -2.70361    -26.794          1       7.73    87.2867 
 0.0642521   -34.8812    26.5275     78.939   -30.6469   -78.0575   -149.104    52.2913   -93.4209    46.8374    311.911   -15.6802    -2.7004   -26.9288          1    7.72824    87.2943 
 0.0642374   -35.0487    26.5382    78.9488    -30.615   -78.0223   -149.123    52.2916   -93.4115    46.8415     311.78   -15.6877   -2.69683   -27.0616          1    7.72627    87.3016 
 0.0642222   -35.2162    26.5486    78.9595   -30.5817   -77.9873   -149.145    52.2922   -93.4019     46.846    311.649    -15.695   -2.69322   -27.1921          1    7.72445    87.3092 
 0.0642067   -35.3814    26.5604    78.9689   -30.5494   -77.9527   -149.166    52.2928   -93.3924    46.8515      311.5   -15.7028   -2.68975   -27.3226          1    7.72266    87.3167 
 0.0641908    -35.546    26.5711    78.9782    -30.517   -77.9174   -149.184    52.2934   -93.3828    46.8574    311.374     -15.71   -2.68644   -27.4545          1    7.72087    87.3242 
 0.0641744   -35.7094     26.582    78.9886   -30.4836   -77.8833   -149.206    52.2939   -93.3733    46.8641    311.234   -15.7171     -2.683    -27.584          1    7.71904    87.3317 
 0.0641577   -35.8718    26.5932    78.9982   -30.4509   -77.8488   -149.226    52.2946   -93.3632    46.8716      311.1   -15.7247   -2.67978    -27.714          1    7.71725    87.3397 
 0.0641405   -36.0327    26.6043    79.0068    -30.418   -77.8138   -149.246    52.2951    -93.354    46.8795    310.968    -15.732   -2.67634   -27.8428          1    7.71542    87.3469 
  0.064123   -36.1979    26.6094    79.0155   -30.3841   -77.7735   -149.264    52.2956   -93.3442    46.8856    310.981   -15.7386   -2.67227   -27.9728          1    7.71358    87.3547 
 0.0641051   -36.3527    26.6252    79.0274   -30.3502   -77.7456    -149.29    52.2963   -93.3341    46.8974    310.719   -15.7463   -2.66951   -28.0982          1    7.71171    87.3627 
 0.0640869   -36.5103    26.6364     79.036   -30.3169   -77.7114    -149.31    52.2968   -93.3246    46.9075    310.589   -15.7535   -2.66607   -28.2258          1    7.70991    87.3701 
 0.0640682   -36.6682    26.6469    79.0453   -30.2831   -77.6765   -149.331    52.2976   -93.3149    46.9175    310.468   -15.7605   -2.66303   -28.3531          1    7.70833    87.3778 
 0.0640492   -36.8245    26.6569    79.0568   -30.2487   -77.6437   -149.354    52.2983   -93.3049    46.9286    310.339   -15.7677   -2.65951   -28.4787          1    7.70659    87.3857 
 0.0640299   -36.9799    26.6683    79.0652   -30.2141   -77.6096   -149.376    52.2992   -93.2951    46.9403    310.213   -15.7747   -2.65575   -28.6036          1    7.70507    87.3934 
 0.0640101   -37.1344    26.6782    79.0755   -30.1798   -77.5757   -149.398    52.2998   -93.2851    46.9525    310.098    -15.782   -2.65265   -28.7289          1    7.70323    87.4013 
 0.0639901   -37.2879    26.6881    79.0848    -30.146   -77.5413   -149.419    52.3004   -93.2756     46.965    309.985   -15.7889   -2.64966   -28.8548          1     7.7016    87.4088 
 0.0639696   -37.4398    26.6991    79.0929   -30.1113   -77.5073    -149.44     52.301   -93.2656    46.9787    309.868   -15.7957   -2.64649   -28.9793          1    7.69977    87.4167 
 0.0639489    -37.591    26.7092    79.1032   -30.0764   -77.4746   -149.462    52.3018   -93.2557    46.9928     309.75   -15.8025   -2.64277    -29.103          1    7.69817    87.4245 
 0.0639278   -37.7429    26.7197    79.1118   -30.0399   -77.4396   -149.488    52.3025   -93.2456     47.007    309.643   -15.8092   -2.63959   -29.2235          1    7.69645    87.4325 
 0.0639064    -37.892    26.7297     79.122   -30.0052   -77.4068   -149.511    52.3031   -93.2357    47.0223    309.521   -15.8165   -2.63637   -29.3459          1    7.69471    87.4402 
 0.0638846   -38.0403    26.7401    79.1311   -29.9702   -77.3739   -149.532    52.3041   -93.2254    47.0383    309.409   -15.8232   -2.63297   -29.4694          1     7.6932    87.4484 
 0.0638625   -38.1835    26.7531    79.1413   -29.9347   -77.3456   -149.556    52.3042   -93.2156     47.057    309.228   -15.8299   -2.62924   -29.5901          1    7.69102    87.4561 
 0.0638401   -38.3357    26.7591    79.1504   -29.8989   -77.3067   -149.578    52.3055   -93.2054     47.071    309.207   -15.8369   -2.62652   -29.7116          1    7.68987    87.4641 
 0.0638174   -38.4803    26.7698    79.1606   -29.8631   -77.2751   -149.602     52.306   -93.1953    47.0891     309.07   -15.8435   -2.62376   -29.8323          1      7.688    87.4721 
 0.0637943   -38.6263    26.7795    79.1685   -29.8271   -77.2405   -149.626    52.3068   -93.1854    47.1066    308.981   -15.8504   -2.62028   -29.9517          1    7.68649    87.4799 
  0.063771   -38.7707    26.7888    79.1788   -29.7905   -77.2079   -149.649    52.3077   -93.1752     47.125    308.878   -15.8566    -2.6172   -30.0717          1    7.68491     87.488 
 0.0637473   -38.9128    26.7994    79.1869   -29.7545   -77.1757   -149.672    52.3084   -93.1651    47.1447    308.773   -15.8632   -2.61326   -30.1913          1    7.68327    87.4959 
 0.0637233   -39.0547    26.8087    79.1969   -29.7188   -77.1434   -149.694    52.3091   -93.1545    47.1646    308.671   -15.8701   -2.61043   -30.3114          1    7.68152    87.5043 
 0.0636991   -39.1969    26.8184    79.2063   -29.6818   -77.1104   -149.719      52.31   -93.1447    47.1843    308.564   -15.8764   -2.60729   -30.4287          1    7.68015     87.512 
 0.0636745   -39.3384    26.8284    79.2149   -29.6441   -77.0767   -149.744    52.3108    -93.134    47.2049    308.467   -15.8829   -2.60454   -30.5452          1    7.67843    87.5204 
 0.0636497   -39.4776     26.838    79.2235   -29.6076   -77.0442   -149.768    52.3115   -93.1239    47.2264    308.371   -15.8894   -2.60121   -30.6628          1    7.67675    87.5284 
 0.0636245   -39.6157    26.8485     79.232   -29.5708   -77.0124   -149.793    52.3123   -93.1137    47.2485    308.259   -15.8961   -2.59774   -30.7793          1    7.67522    87.5364 
 0.0635991   -39.7538    26.8573    79.2413   -29.5342   -76.9797   -149.816    52.3131   -93.1036    47.2707    308.171   -15.9026   -2.59472   -30.8967          1    7.67366    87.5444 
 0.0635734   -39.8919    26.8666    79.2502   -29.4961   -76.9466   -149.843    52.3139   -93.0931    47.2933    308.083   -15.9091   -2.59157   -31.0109          1    7.67206    87.5526 
 0.0635474   -40.0268     26.877    79.2577   -29.4593   -76.9157   -149.864    52.3149   -93.0819    47.3176    307.994   -15.9155   -2.58751   -31.1288          1    7.67052    87.5615 
 0.0635212   -40.1631     26.886    79.2672   -29.4218   -76.8824   -149.889    52.3156   -93.0722    47.3408    307.891   -15.9217   -2.58551   -31.2437          1    7.66903    87.5691 
 0.0634946   -40.2972    26.8949    79.2773   -29.3844   -76.8515   -149.913    52.3164   -93.0619    47.3655    307.795   -15.9279   -2.58223   -31.3593          1    7.66748    87.5773 
 0.0634678   -40.4316    26.9043    79.2859   -29.3459   -76.8189    -149.94    52.3172   -93.0513    47.3904    307.703   -15.9344   -2.57921   -31.4716          1    7.66585    87.5856 
 0.0634408   -40.5647    26.9134    79.2945   -29.3083   -76.7867   -149.964    52.3181   -93.0409    47.4157    307.619   -15.9405   -2.57625    -31.587          1    7.66443    87.5938 
 0.0634135   -40.6962    26.9218    79.3032   -29.2703   -76.7549   -149.989    52.3185   -93.0311    47.4418    307.543   -15.9464   -2.57283   -31.7002          1    7.66255    87.6016 
 0.0633859   -40.8269     26.933    79.3123    -29.233    -76.725   -150.012    52.3201   -93.0195    47.4689    307.413   -15.9533   -2.57012   -31.8153          1    7.66156    87.6107 
 0.0633581    -40.958    26.9412     79.321   -29.1934   -76.6927    -150.04    52.3206   -93.0091    47.4958    307.348    -15.959   -2.56658    -31.926          1    7.65977    87.6189 
   0.06333   -41.0871    26.9504    79.3298   -29.1555   -76.6617   -150.064    52.3215   -92.9987    47.5235    307.256   -15.9652   -2.56347   -32.0391          1     7.6583    87.6271 
 0.0633017   -41.2164    26.9593    79.3391   -29.1166   -76.6304   -150.091    52.3224    -92.988    47.5514    307.166   -15.9715   -2.56042   -32.1503          1    7.65685    87.6355 
 0.0632731   -41.3448    26.9681    79.3468   -29.0779    -76.598   -150.116    52.3231   -92.9775    47.5797    307.092   -15.9775   -2.55754   -32.2616          1    7.65526    87.6438 
 0.0632443   -41.4714    26.9772    79.3558   -29.0393   -76.5673   -150.142    52.3238   -92.9671     47.609    306.998   -15.9836   -2.55457   -32.3725          1    7.65362     87.652 
 0.0632153   -41.5983    26.9863    79.3649   -28.9995   -76.5366   -150.169    52.3249   -92.9559    47.6387    306.912   -15.9897   -2.55135   -32.4825          1    7.65221    87.6608 
  0.063186   -41.7242    26.9956    79.3732   -28.9602   -76.5055   -150.195    52.3258   -92.9453    47.6687    306.821   -15.9956   -2.54842   -32.5925          1    7.65085    87.6692 
 0.0631565   -41.8495    27.0036    79.3814   -28.9213   -76.4736   -150.222    52.3265   -92.9346    47.6989    306.759    -16.002   -2.54525    -32.702          1    7.64923    87.6776 
 0.0631267   -41.9724    27.0123    79.3905   -28.8828   -76.4441   -150.245    52.3274    -92.924    47.7304    306.672   -16.0076   -2.54211   -32.8142          1    7.64778     87.686 
 0.0630968   -42.0965    27.0213    79.3984   -28.8432   -76.4124   -150.273    52.3283   -92.9132    47.7616    306.591   -16.0142   -2.53908   -32.9213          1    7.64638    87.6945 
 0.0630666   -42.2197    27.0295    79.4063   -28.8033   -76.3807   -150.299    52.3291   -92.9024    47.7933     306.53   -16.0198   -2.53607   -33.0301          1    7.64484     87.703 
 0.0630362   -42.3408     27.039    79.4148    -28.764   -76.3511   -150.324    52.3301   -92.8914    47.8262    306.431   -16.0257   -2.53341   -33.1399          1    7.64343    87.7117 
 0.0630055   -42.4619    27.0474    79.4235   -28.7236   -76.3209   -150.352    52.3309   -92.8805    47.8592    306.357   -16.0313   -2.53007   -33.2471          1    7.64194    87.7203 
 0.0629747   -42.5828    27.0557    79.4319    -28.683   -76.2901   -150.381    52.3318     -92.87    47.8924    306.283    -16.037   -2.52684    -33.353          1     7.6405    87.7286 
 0.0629436   -42.7024    27.0643    79.4404   -28.6432   -76.2598   -150.407    52.3328   -92.8588    47.9263    306.206   -16.0429   -2.52407   -33.4611          1    7.63912    87.7374 
 0.0629124   -42.8219    27.0729    79.4483   -28.6025    -76.229   -150.434    52.3338   -92.8479    47.9604    306.134   -16.0485   -2.52096   -33.5675          1    7.63785     87.746 
 0.0628809   -42.9394    27.0811    79.4564   -28.5626   -76.1991   -150.461    52.3344   -92.8367    47.9956    306.065   -16.0548   -2.51774   -33.6737          1    7.63611    87.7548 
 0.0628493   -43.0568    27.0896    79.4644   -28.5227   -76.1689   -150.486    52.3355    -92.826    48.0307    305.989   -16.0604   -2.51487   -33.7813          1    7.63494    87.7633 
 0.0628174   -43.1729    27.0977    79.4731   -28.4827   -76.1393   -150.512    52.3363   -92.8149    48.0666    305.912   -16.0661   -2.51221   -33.8882          1    7.63339     87.772 
 0.0627853   -43.2892     27.106    79.4805   -28.4419   -76.1087   -150.541    52.3372   -92.8041    48.1027    305.849    -16.072   -2.50895   -33.9924          1    7.63196    87.7806 
 0.0627531   -43.4045    27.1147    79.4883   -28.4011   -76.0792   -150.567    52.3385   -92.7925    48.1394    305.775   -16.0775   -2.50578   -34.0987          1    7.63084    87.7897 
 0.0627206   -43.5188    27.1228    79.4975   -28.3602   -76.0497   -150.596    52.3391   -92.7821    48.1765    305.687   -16.0833   -2.50322   -34.2019          1    7.62933    87.7979 
  0.062688   -43.6322    27.1308    79.5047   -28.3199   -76.0197   -150.622    52.3399   -92.7708    48.2142     305.63   -16.0892   -2.50014   -34.3072          1    7.62775    87.8069 
 0.0626551   -43.7454    27.1392    79.5128   -28.2776   -75.9904   -150.651    52.3407   -92.7596    48.2524    305.558   -16.0941   -2.49715   -34.4104          1    7.62632    87.8157 
 0.0626221   -43.8582    27.1466    79.5214   -28.2363   -75.9605   -150.679    52.3416   -92.7482    48.2907    305.495   -16.0999   -2.49446   -34.5137          1    7.62484    87.8246 
 0.0625889   -43.9697    27.1558    79.5281    -28.195    -75.931   -150.708    52.3427   -92.7371    48.3297    305.418   -16.1056   -2.49113   -34.6163          1    7.62366    87.8334 
 0.0625556   -44.0787    27.1632    79.5383   -28.1548   -75.9042   -150.734    52.3433   -92.7263    48.3698    305.334   -16.1112   -2.48806   -34.7212          1    7.62209     87.842 
  0.062522   -44.1911    27.1705    79.5458    -28.112    -75.873   -150.762    52.3446   -92.7142    48.4089     305.29   -16.1165   -2.48559   -34.8232          1    7.62087    87.8514 
 0.0624883   -44.3002    27.1786    79.5527   -28.0709   -75.8434    -150.79    52.3453   -92.7032    48.4492    305.229   -16.1223   -2.48242   -34.9254          1    7.61941    87.8602 
 0.0624544   -44.4099    27.1848     79.561   -28.0297   -75.8122   -150.821    52.3458   -92.6939    48.4887    305.174   -16.1277   -2.48003   -35.0255          1    7.61806    87.8675 
 0.0624204   -44.5173    27.1943    79.5687   -27.9875   -75.7857   -150.846    52.3473   -92.6805    48.5311    305.096   -16.1332   -2.47645   -35.1294          1    7.61686    87.8781 
 0.0623861    -44.616     27.214     79.579   -27.9439   -75.7695   -150.886    52.3479     -92.67    48.5776    304.737   -16.1388   -2.47423   -35.2241          1    7.61534    87.8864 
 0.0623517   -44.7309    27.2094    79.5839   -27.9036   -75.7276   -150.903    52.3487   -92.6581    48.6149    304.973   -16.1439   -2.47097   -35.3315          1    7.61374    87.8957 
 0.0623172    -44.837    27.2175    79.5924   -27.8609   -75.7001   -150.932    52.3499   -92.6462    48.6576    304.901    -16.149   -2.46766   -35.4324          1    7.61265    87.9051 
 0.0622825   -44.9418    27.2249    79.5991   -27.8201   -75.6708   -150.958    52.3507   -92.6351    48.7005    304.846   -16.1548   -2.46493   -35.5342          1    7.61118    87.9139 
 0.0622476   -45.0475    27.2331    79.6066    -27.776   -75.6418    -150.99    52.3517   -92.6233    48.7436     304.78   -16.1598   -2.46204   -35.6316          1    7.60992    87.9232 
 0.0622126   -45.1511    27.2406    79.6139    -27.734   -75.6133   -151.018    52.3525    -92.612    48.7875    304.718   -16.1654   -2.45914   -35.7313          1    7.60846    87.9321 
 0.0621774   -45.2547    27.2475    79.6226   -27.6915   -75.5854   -151.047    52.3535   -92.6003    48.8316     304.66   -16.1708   -2.45611   -35.8309          1    7.60724    87.9413 
 0.0621421   -45.3574     27.256    79.6285   -27.6489   -75.5564   -151.075    52.3545   -92.5887    48.8762    304.596   -16.1757   -2.45348   -35.9307          1    7.60601    87.9505 
 0.0621066   -45.4591    27.2622    79.6368   -27.6067   -75.5286   -151.103    52.3553   -92.5774    48.9213    304.555    -16.181   -2.44999     -36.03          1     7.6046    87.9595 
  0.062071   -45.5601    27.2694    79.6452   -27.5642   -75.5009   -151.131    52.3561   -92.5656    48.9669    304.487   -16.1865   -2.44764   -36.1291          1    7.60315    87.9688 
 0.0620352   -45.6612    27.2779    79.6509   -27.5208   -75.4722   -151.162    52.3572   -92.5539    49.0127    304.424   -16.1917   -2.44444   -36.2257          1    7.60203     87.978 
 0.0619993   -45.7549    27.2911    79.6606   -27.4776   -75.4529   -151.193    52.3576   -92.5423    49.0625    304.213   -16.1965   -2.44181    -36.323          1    7.60019    87.9871 
 0.0619633   -45.8592    27.2927     79.666   -27.4355   -75.4176   -151.219    52.3589   -92.5306    49.1063    304.298   -16.2021   -2.43869   -36.4224          1    7.59922    87.9964 
 0.0619271   -45.9588    27.2989    79.6734   -27.3916   -75.3889   -151.249    52.3597   -92.5187    49.1531    304.264    -16.207   -2.43573   -36.5189          1    7.59783    88.0058 
 0.0618908   -46.0572    27.3062    79.6809   -27.3483   -75.3608    -151.28    52.3607   -92.5074    49.2004    304.198   -16.2124   -2.43297   -36.6144          1    7.59667    88.0147 
 0.0618543   -46.1536     27.314    79.6867   -27.3061   -75.3332   -151.306    52.3615   -92.4955    49.2487    304.141   -16.2175   -2.43031   -36.7136          1    7.59532    88.0241 
 0.0618178   -46.2505    27.3202    79.6952   -27.2622   -75.3063   -151.336    52.3624   -92.4836    49.2971    304.094   -16.2224   -2.42712   -36.8094          1    7.59395    88.0335 
 0.0617811   -46.3469    27.3274    79.7019   -27.2185   -75.2781   -151.366    52.3633    -92.472    49.3457     304.04   -16.2276   -2.42437   -36.9045          1    7.59268    88.0427 
 0.0617442   -46.4431    27.3338      79.71   -27.1739   -75.2508   -151.397    52.3643   -92.4598    49.3947     303.99   -16.2323   -2.42168   -36.9996          1    7.59143    88.0523 
 0.0617073   -46.5313     27.347    79.7176   -27.1314    -75.231   -151.429    52.3644   -92.4485    49.4478    303.789   -16.2379   -2.41874   -37.0936          1    7.58949    88.0613 
 0.0616702   -46.6297     27.349    79.7229   -27.0887   -75.1977   -151.452     52.366   -92.4362    49.4952    303.865   -16.2426    -2.4157   -37.1935          1    7.58881     88.071 
  0.061633   -46.7251    27.3551    79.7286   -27.0439   -75.1681   -151.482     52.367   -92.4239    49.5449    303.847   -16.2472   -2.41303   -37.2879          1    7.58762    88.0807 
 0.0615957   -46.8181    27.3616    79.7382    -26.999   -75.1422   -151.516    52.3678   -92.4122    49.5957     303.77   -16.2525   -2.41041   -37.3792          1    7.58626    88.0899 
 0.0615583   -46.9096    27.3681    79.7446   -26.9556   -75.1155   -151.544    52.3685   -92.4005    49.6471    303.729   -16.2572   -2.40715   -37.4747          1    7.58488    88.0992 
 0.0615208   -47.0017    27.3753    79.7516   -26.9109   -75.0886   -151.575    52.3695   -92.3878    49.6988     303.67   -16.2624   -2.40454   -37.5678          1    7.58364    88.1092 
 0.0614831   -47.0919    27.3819    79.7594   -26.8675   -75.0631   -151.604    52.3704   -92.3759    49.7511    303.607   -16.2674   -2.40165   -37.6628          1    7.58242    88.1185 
 0.0614454   -47.1832    27.3884    79.7655   -26.8224   -75.0352   -151.635    52.3714   -92.3635    49.8033    303.571   -16.2722   -2.39879   -37.7548          1    7.58115    88.1283 
 0.0614075   -47.2724    27.3956    79.7717   -26.7782   -75.0087   -151.665    52.3722   -92.3516    49.8563    303.512    -16.277     -2.396    -37.848          1    7.57984    88.1378 
 0.0613696   -47.3621     27.402    79.7789   -26.7333   -74.9823   -151.696    52.3733   -92.3391    49.9093    303.465   -16.2818   -2.39304   -37.9407          1     7.5788    88.1476 
 0.0613315   -47.4499    27.4082     79.785     -26.69   -74.9552   -151.724    52.3738   -92.3274     49.963    303.422   -16.2867   -2.39059   -38.0343          1    7.57729    88.1569 
 0.0612933   -47.5376    27.4149     79.792   -26.6456   -74.9296   -151.754    52.3749   -92.3148    50.0172    303.367   -16.2916   -2.38769   -38.1275          1    7.57612    88.1668 
 0.0612551   -47.6287    27.4176    79.7964   -26.6009   -74.8977    -151.78    52.3761   -92.3019    50.0696    303.427   -16.2963   -2.38471   -38.2211          1    7.57515     88.177 
 0.0612167   -47.7118    27.4275    79.8059   -26.5558    -74.877   -151.817    52.3766   -92.2909    50.1261    303.263   -16.3013   -2.38203   -38.3091          1     7.5737    88.1857 
 0.0611782   -47.7978    27.4341    79.8116    -26.511   -74.8503   -151.847    52.3774   -92.2785    50.1812    303.222   -16.3058   -2.37929    -38.401          1    7.57245    88.1955 
 0.0611397   -47.8835    27.4399    79.8188   -26.4662   -74.8246   -151.877    52.3785    -92.266    50.2367    303.176   -16.3106   -2.37638   -38.4924          1    7.57134    88.2054 
 0.0611011   -47.9677    27.4466    79.8257    -26.421   -74.7997   -151.907    52.3793   -92.2534    50.2931     303.12    -16.315    -2.3735   -38.5836          1    7.57004    88.2153 
 0.0610623    -48.052     27.453    79.8311   -26.3766   -74.7729   -151.938    52.3801   -92.2413    50.3492    303.077   -16.3202   -2.37063   -38.6737          1    7.56883    88.2249 
 0.0610235   -48.1356    27.4582    79.8388   -26.3312   -74.7476   -151.969    52.3809    -92.229    50.4058    303.037   -16.3245   -2.36778   -38.7641          1    7.56753    88.2346 
 0.0609845   -48.1783    27.4846    79.8409   -26.3064   -74.7637   -151.942    52.3783   -92.2098    50.4845    302.637   -16.3276   -2.35949   -38.9013          1    7.56185    88.2499 
 0.0609456   -48.3018    27.4702    79.8511   -26.2403   -74.6951   -152.031    52.3826   -92.2038    50.5201    302.951    -16.334   -2.36268   -38.9431          1    7.56509    88.2545 
 0.0609065   -48.3839    27.4764     79.858   -26.1944   -74.6699   -152.064    52.3835   -92.1911     50.578    302.898   -16.3387   -2.35984   -39.0313          1    7.56389    88.2646 
 0.0608674   -48.4643     27.483    79.8631   -26.1496   -74.6446   -152.093    52.3843   -92.1785    50.6365    302.853   -16.3431   -2.35683    -39.122          1    7.56267    88.2745 
 0.0608282   -48.5452     27.489      79.87   -26.1037   -74.6194   -152.125    52.3853   -92.1661     50.695    302.799   -16.3476   -2.35425     -39.21          1    7.56158    88.2843 
 0.0607889   -48.6246    27.4944    79.8768   -26.0588   -74.5944   -152.156    52.3858   -92.1538    50.7541    302.755   -16.3525   -2.35143   -39.2984          1    7.56011     88.294 
 0.0607495   -48.7047    27.5001    79.8826   -26.0134   -74.5684   -152.186     52.387    -92.141     50.813    302.719   -16.3569   -2.34884   -39.3881          1    7.55923    88.3041 
   0.06071   -48.7835    27.5059    79.8886   -25.9673   -74.5434   -152.218    52.3877   -92.1282    50.8729    302.677   -16.3614   -2.34587   -39.4752          1     7.5579    88.3143 
 0.0606705   -48.8622    27.5114    79.8951   -25.9214   -74.5179    -152.25    52.3885   -92.1158    50.9327    302.633   -16.3661   -2.34324   -39.5619          1    7.55675    88.3241 
 0.0606309   -48.9387    27.5176    79.9003   -25.8767   -74.4933   -152.279    52.3893   -92.1031    50.9936    302.587   -16.3705   -2.34041   -39.6516          1    7.55549    88.3341 
 0.0605913   -49.0162    27.5233    79.9066   -25.8299   -74.4686   -152.312    52.3901     -92.09    51.0545    302.542    -16.375   -2.33745   -39.7372          1    7.55426    88.3445 
 0.0605515   -49.0927    27.5286    79.9122   -25.7837   -74.4435   -152.344    52.3908    -92.077    51.1157    302.513   -16.3793   -2.33451    -39.824          1    7.55292    88.3548 
 0.0605117   -49.1677    27.5345    79.9184   -25.7391   -74.4196   -152.371    52.3917   -92.0644    51.1775    302.456   -16.3836   -2.33214   -39.9138          1    7.55191    88.3647 
 0.0604719   -49.2447    27.5399    79.9246   -25.6908    -74.394   -152.407    52.3927   -92.0512    51.2389     302.42   -16.3879   -2.32935   -39.9967          1    7.55086    88.3751 
  0.060432   -49.3187     27.545    79.9314   -25.6457   -74.3703   -152.439    52.3934   -92.0388    51.3013    302.371   -16.3926   -2.32637   -40.0833          1    7.54965     88.385 
  0.060392   -49.3925      27.55    79.9369      -25.6   -74.3453   -152.468    52.3939    -92.026    51.3641    302.339   -16.3968   -2.32407   -40.1706          1     7.5482    88.3951 
  0.060352   -49.4662    27.5552     79.943    -25.554   -74.3211     -152.5    52.3949   -92.0129    51.4269    302.298   -16.4015   -2.32092   -40.2562          1    7.54726    88.4054 
 0.0603119   -49.5388    27.5608    79.9482   -25.5084   -74.2966   -152.531    52.3956   -91.9999    51.4905    302.253   -16.4061    -2.3185   -40.3423          1    7.54597    88.4157 
 0.0602717   -49.6115    27.5663    79.9536   -25.4613   -74.2721   -152.563    52.3964   -91.9869    51.5542    302.215   -16.4099   -2.31565   -40.4266          1    7.54483     88.426 
 0.0602315   -49.6834    27.5708    79.9604   -25.4151   -74.2483   -152.596    52.3971    -91.974    51.6182    302.176   -16.4147    -2.3127    -40.511          1    7.54366    88.4362 
 0.0601913   -49.7549    27.5766    79.9649   -25.3683   -74.2234   -152.627     52.398   -91.9607    51.6826    302.135   -16.4187   -2.31034   -40.5958          1    7.54251    88.4467 
  0.060151   -49.8254    27.5819    79.9709   -25.3217   -74.1996   -152.661    52.3986   -91.9482    51.7474    302.085    -16.423   -2.30757   -40.6789          1    7.54132    88.4566 
 0.0601107   -49.8945     27.587    79.9763   -25.2764   -74.1766   -152.689    52.3994   -91.9349     51.813    302.047   -16.4272   -2.30459    -40.766          1    7.54019    88.4672 
 0.0600703   -49.9645    27.5923    79.9813   -25.2294   -74.1523   -152.721    52.4003   -91.9212    51.8785    302.008   -16.4313    -2.3021   -40.8499          1     7.5391    88.4779 
 0.0600298   -50.0338    27.5968    79.9885   -25.1813   -74.1292   -152.756    52.4009    -91.908    51.9444    301.961   -16.4355   -2.29938   -40.9309          1    7.53777    88.4884 
 0.0599894   -50.1024     27.601    79.9929   -25.1362   -74.1041   -152.786    52.4018   -91.8952    52.0101    301.947   -16.4401   -2.29643    -41.016          1    7.53682    88.4985 
 0.0599489   -50.1695    27.6064    79.9995   -25.0892    -74.082   -152.818    52.4024   -91.8819    52.0772    301.881   -16.4441   -2.29406   -41.0992          1    7.53557     88.509 
 0.0599083   -50.2367    27.6113    80.0041   -25.0427   -74.0579    -152.85    52.4031    -91.869    52.1439    301.849   -16.4481   -2.29123   -41.1822          1    7.53447    88.5192 
 0.0598677   -50.3043     27.616    80.0094    -24.995    -74.034   -152.882     52.404   -91.8549    52.2112    301.816   -16.4522   -2.28866   -41.2646          1    7.53341    88.5304 
 0.0598271   -50.3694    27.6205    80.0146   -24.9494   -74.0107   -152.913    52.4044   -91.8421    52.2789    301.778   -16.4567   -2.28588   -41.3476          1    7.53206    88.5405 
 0.0597864   -50.4358    27.6249    80.0196   -24.9024   -73.9865   -152.946    52.4054    -91.829    52.3463    301.749    -16.461   -2.28294   -41.4289          1    7.53121    88.5509 
 0.0597457   -50.5007      27.63    80.0259   -24.8545   -73.9648   -152.978    52.4063    -91.815    52.4151    301.692   -16.4646   -2.28048   -41.5113          1    7.53017     88.562 
  0.059705   -50.5647    27.6343    80.0308   -24.8081   -73.9415   -153.011    52.4067   -91.8019    52.4838    301.663   -16.4689    -2.2774   -41.5927          1    7.52885    88.5724 
 0.0596642   -50.6285    27.6388    80.0358   -24.7614   -73.9185   -153.041    52.4075   -91.7879     52.553    301.628   -16.4731   -2.27472   -41.6754          1    7.52775    88.5834 
 0.0596234   -50.6912    27.6443    80.0398   -24.7143   -73.8957   -153.074    52.4081   -91.7746    52.6227     301.58    -16.477   -2.27194   -41.7561          1    7.52653    88.5939 
 0.0595826   -50.7559    27.6471    80.0473   -24.6654   -73.8722    -153.11    52.4088   -91.7608    52.6917    301.551    -16.481   -2.26983   -41.8345          1    7.52547    88.6048 
 0.0595418   -50.8171    27.6526    80.0507    -24.619   -73.8492   -153.141    52.4094   -91.7476     52.762    301.505   -16.4852   -2.26694   -41.9154          1    7.52426    88.6153 
 0.0595009   -50.8778     27.656    80.0577   -24.5728   -73.8281   -153.173    52.4099   -91.7345    52.8326    301.465   -16.4892   -2.26395   -41.9971          1    7.52308    88.6257 
   0.05946   -50.9397    27.6599    80.0624   -24.5257   -73.8046   -153.204    52.4109   -91.7207    52.9029    301.438   -16.4932   -2.26139   -42.0782          1    7.52227    88.6366 
 0.0594191        -51    27.6648    80.0669   -24.4775   -73.7823   -153.238    52.4114   -91.7069    52.9743    301.393   -16.4969   -2.25867   -42.1569          1    7.52098    88.6475 
 0.0593781   -51.0604    27.6691    80.0709     -24.43   -73.7586    -153.27    52.4119   -91.6932    53.0456     301.36   -16.5008   -2.25646   -42.2362          1    7.51979    88.6584 
 0.0593372   -51.1203    27.6726    80.0765    -24.383   -73.7362   -153.303    52.4128   -91.6795     53.117    301.329   -16.5051   -2.25346   -42.3159          1    7.51896    88.6692 
 0.0592962   -51.1785    27.6773    80.0808    -24.336    -73.714   -153.334    52.4133   -91.6659    53.1893    301.283   -16.5088   -2.25107    -42.396          1    7.51779    88.6799 
 0.0592552   -51.2376    27.6809    80.0861   -24.2874   -73.6914    -153.37    52.4139   -91.6519    53.2616    301.251   -16.5129   -2.24827   -42.4723          1    7.51656     88.691 
 0.0592142   -51.2945    27.6846     80.091   -24.2411   -73.6701     -153.4    52.4145   -91.6381    53.3346    301.216   -16.5168   -2.24526   -42.5533          1    7.51549     88.702 
 0.0591732   -51.3523    27.6888    80.0953   -24.1927   -73.6476   -153.433    52.4152   -91.6242    53.4076    301.181   -16.5202   -2.24267   -42.6312          1    7.51452     88.713 
 0.0591322   -51.4094    27.6921    80.1008   -24.1451   -73.6252   -153.466    52.4158   -91.6104    53.4808    301.144   -16.5242   -2.24046   -42.7091          1     7.5134    88.7239 
 0.0590911    -51.465    27.6968    80.1036   -24.0982   -73.6028   -153.498    52.4164   -91.5964    53.5547    301.111   -16.5282   -2.23748   -42.7877          1    7.51228     88.735 
 0.0590501   -51.5199    27.7001    80.1101   -24.0507   -73.5824    -153.53    52.4168   -91.5825    53.6291    301.059    -16.532   -2.23507   -42.8657          1    7.51103     88.746 
  0.059009   -51.5756     27.704    80.1143   -24.0025   -73.5599   -153.564    52.4174   -91.5684    53.7034    301.024   -16.5359   -2.23251   -42.9422          1    7.51003    88.7571 
  0.058968   -51.6297    27.7076    80.1184   -23.9557   -73.5384   -153.595    52.4181   -91.5543    53.7782    300.992   -16.5397   -2.22969   -43.0212          1    7.50902    88.7683 
 0.0589269   -51.6846    27.7108    80.1231   -23.9071   -73.5159    -153.63    52.4187   -91.5403    53.8529    300.961   -16.5436   -2.22701   -43.0962          1    7.50804    88.7793 
 0.0588858   -51.7379    27.7148    80.1274   -23.8588   -73.4945   -153.664    52.4192   -91.5264    53.9284     300.92    -16.547   -2.22437   -43.1721          1    7.50687    88.7904 
 0.0588448   -51.7901    27.7182    80.1318   -23.8127   -73.4733   -153.693    52.4199   -91.5126    54.0041    300.881   -16.5507   -2.22192   -43.2522          1    7.50604    88.8013 
 0.0588037   -51.8419    27.7216     80.137   -23.7646   -73.4531   -153.727    52.4202   -91.4984    54.0806    300.839   -16.5545   -2.21885   -43.3273          1    7.50475    88.8126 
 0.0587626    -51.894    27.7255     80.141   -23.7163   -73.4312   -153.762    52.4208   -91.4842    54.1569    300.795   -16.5583   -2.21637   -43.4019          1     7.5037    88.8238 
 0.0587215   -51.9451    27.7278    80.1457   -23.6694   -73.4098   -153.792    52.4212     -91.47    54.2335    300.775    -16.562   -2.21383   -43.4799          1    7.50259     88.835 
 0.0586804   -51.9967    27.7314    80.1489   -23.6208   -73.3872   -153.826    52.4218   -91.4557    54.3102    300.742   -16.5656   -2.21158   -43.5544          1    7.50162    88.8464 
 0.0586394   -52.0459     27.735    80.1535   -23.5737   -73.3673   -153.859    52.4223   -91.4418    54.3878    300.692   -16.5694    -2.2086   -43.6301          1    7.50055    88.8574 
 0.0585983    -52.097    27.7375     80.158   -23.5244   -73.3456   -153.894    52.4229   -91.4267    54.4652    300.669   -16.5731   -2.20586   -43.7036          1     7.4996    88.8693 
 0.0585573   -52.1448    27.7406    80.1626   -23.4776   -73.3255   -153.924    52.4232   -91.4129    54.5435    300.627   -16.5765   -2.20337   -43.7806          1    7.49842    88.8802 
 0.0585162   -52.1938    27.7444    80.1659   -23.4293    -73.304   -153.957    52.4238   -91.3983    54.6218    300.582   -16.5801   -2.20117    -43.855          1    7.49746    88.8919 
 0.0584752   -52.2425    27.7476    80.1682   -23.3811   -73.2815   -153.991    52.4244   -91.3842       54.7    300.563   -16.5837    -2.1983   -43.9283          1    7.49654     88.903 
 0.0584341   -52.2901    27.7497    80.1749   -23.3322   -73.2626   -154.027    52.4248   -91.3695    54.7791    300.517   -16.5872   -2.19537   -44.0014          1    7.49548    88.9147 
 0.0583931    -52.337    27.7521    80.1784   -23.2855   -73.2407   -154.057    52.4252   -91.3553    54.8581    300.492   -16.5911   -2.19329   -44.0769          1    7.49435    88.9259 
 0.0583521   -52.3829    27.7558    80.1825   -23.2369   -73.2214   -154.091    52.4256   -91.3406    54.9382    300.436   -16.5943    -2.1905   -44.1502          1    7.49331    88.9375 
 0.0583111   -52.4281     27.759    80.1853   -23.1899   -73.2007   -154.122     52.426   -91.3263    55.0182    300.404   -16.5979   -2.18761    -44.225          1    7.49229    88.9489 
 0.0582701   -52.4745    27.7616    80.1891   -23.1409   -73.1792   -154.157    52.4265   -91.3115    55.0981    300.369   -16.6014   -2.18551    -44.297          1    7.49131    88.9606 
 0.0582292   -52.5199     27.763    80.1928   -23.0936   -73.1572    -154.19    52.4269   -91.2976    55.1779    300.357   -16.6052     -2.183     -44.37          1    7.49028    88.9716 
 0.0581882   -52.5637    27.7663    80.1968   -23.0451   -73.1382   -154.223    52.4273   -91.2824    55.2593    300.307   -16.6084   -2.18029   -44.4434          1    7.48926    88.9836 
 0.0581473   -52.6075    27.7695    80.2002   -22.9966   -73.1179   -154.257    52.4277   -91.2678    55.3406    300.261   -16.6119   -2.17764   -44.5147          1    7.48823    88.9952 
 0.0581064   -52.6498    27.7717     80.204   -22.9498   -73.0981   -154.288    52.4279   -91.2535    55.4222    300.228   -16.6153   -2.17506   -44.5893          1    7.48713    89.0065 
 0.0580655   -52.6932     27.774    80.2085   -22.9009   -73.0779   -154.324    52.4284   -91.2388    55.5037    300.184    -16.619   -2.17259   -44.6594          1    7.48621    89.0182 
 0.0580246   -52.7361    27.7767    80.2109   -22.8516    -73.057   -154.358    52.4287   -91.2234    55.5859    300.157   -16.6222   -2.16994   -44.7298          1    7.48507    89.0304 
 0.0579838   -52.7766    27.7791    80.2148   -22.8045   -73.0382   -154.389     52.429    -91.209    55.6686    300.114   -16.6254   -2.16716   -44.8034          1    7.48406    89.0418 
 0.0579429   -52.8183    27.7803    80.2191   -22.7563   -73.0176   -154.423    52.4292   -91.1944    55.7509     300.09   -16.6288    -2.1648   -44.8744          1    7.48301    89.0534 
 0.0579021   -52.8596    27.7836    80.2222   -22.7067   -72.9979   -154.458    52.4299   -91.1791     55.834    300.037    -16.632   -2.16226    -44.944          1    7.48225    89.0655 
 0.0578614   -52.8983    27.7853    80.2256    -22.661   -72.9781   -154.488    52.4299   -91.1651    55.9173    300.006   -16.6357   -2.15978   -45.0175          1    7.48109    89.0765 
 0.0578206   -52.9373    27.7882    80.2286   -22.6122   -72.9594   -154.522      52.43   -91.1495    56.0016     299.96   -16.6388   -2.15691   -45.0877          1    7.47984    89.0889 
 0.0577799   -52.9773    27.7894    80.2324    -22.564   -72.9389   -154.555    52.4307   -91.1349    56.0849    299.936    -16.642   -2.15443   -45.1588          1    7.47923    89.1005 
 0.0577392   -53.0155    27.7915    80.2366   -22.5164     -72.92   -154.588    52.4311     -91.12    56.1691    299.883   -16.6457   -2.15211   -45.2295          1    7.47836    89.1123 
 0.0576986    -53.054    27.7933    80.2389   -22.4681    -72.899   -154.622    52.4312   -91.1052    56.2534    299.859   -16.6492   -2.14954   -45.2984          1    7.47728     89.124 
  0.057658   -53.0965     27.786     80.241   -22.4206   -72.8703   -154.652    52.4312   -91.0908    56.3347    300.035   -16.6519   -2.14631   -45.3695          1    7.47607    89.1354 
 0.0576174   -53.1287    27.7963    80.2471   -22.3705   -72.8614    -154.69    52.4318   -91.0746    56.4235    299.782   -16.6552   -2.14446   -45.4372          1    7.47529    89.1483 
 0.0575768   -53.1644    27.7986    80.2493    -22.324   -72.8418   -154.721     52.432     -91.06    56.5089    299.739    -16.659   -2.14189    -45.508          1    7.47441    89.1598 
 0.0575363   -53.2009    27.8003    80.2514   -22.2747   -72.8215   -154.756    52.4321   -91.0446    56.5946    299.716   -16.6619    -2.1392   -45.5753          1    7.47326     89.172 
 0.0574958   -53.2431    27.7882    80.2519   -22.2298   -72.7875    -154.78    52.4319   -91.0311    56.6752    299.999   -16.6647   -2.13644   -45.6497          1    7.47199    89.1827 
 0.0574554   -53.2712     27.803    80.2586   -22.1789   -72.7832   -154.823    52.4327   -91.0148    56.7666    299.635   -16.6685   -2.13447   -45.7134          1    7.47153    89.1956 
  0.057415   -53.3057    27.8043     80.262   -22.1301   -72.7646   -154.856    52.4329   -90.9993    56.8534    299.599   -16.6713   -2.13192   -45.7819          1    7.47057     89.208 
 0.0573746     -53.34    27.8057    80.2641   -22.0824    -72.744   -154.889    52.4332   -90.9844    56.9398    299.569   -16.6749   -2.12961   -45.8498          1    7.46972    89.2198 
 0.0573343   -53.3717     27.808    80.2674   -22.0349   -72.7273   -154.921    52.4332   -90.9688     57.028    299.508   -16.6779   -2.12689   -45.9194          1    7.46859    89.2321 
  0.057294   -53.4045    27.8092    80.2692   -21.9867   -72.7075   -154.955    52.4332   -90.9541    57.1152    299.485   -16.6808   -2.12406   -45.9862          1    7.46757    89.2438 
 0.0572537   -53.4369    27.8098    80.2728   -21.9393   -72.6888   -154.987    52.4334   -90.9383    57.2031    299.448   -16.6844   -2.12179   -46.0552          1    7.46663    89.2563 
 0.0572135   -53.4693    27.8117     80.275   -21.8898   -72.6693   -155.024    52.4336    -90.923     57.291    299.401   -16.6875   -2.11947   -46.1198          1    7.46574    89.2684 
 0.0571734    -53.499    27.8134    80.2777    -21.843   -72.6519   -155.054    52.4336   -90.9079    57.3799    299.353   -16.6903   -2.11685   -46.1892          1    7.46466    89.2804 
 0.0571332   -53.5302    27.8136    80.2816   -21.7944   -72.6335   -155.088    52.4338   -90.8926    57.4684    299.322   -16.6932   -2.11416   -46.2556          1    7.46386    89.2925 
 0.0570932   -53.5604    27.8156    80.2827   -21.7459   -72.6143   -155.122    52.4339   -90.8768    57.5575    299.276   -16.6962   -2.11201   -46.3219          1    7.46288     89.305 
 0.0570532   -53.5908    27.8152     80.286    -21.698   -72.5949   -155.155     52.434   -90.8614    57.6463    299.256   -16.6995   -2.10948   -46.3883          1    7.46201    89.3173 
 0.0570132   -53.6195    27.8164    80.2888   -21.6501   -72.5773   -155.188    52.4342   -90.8459    57.7361    299.211   -16.7023   -2.10684   -46.4552          1    7.46116    89.3295 
 0.0569733   -53.6479    27.8174    80.2917   -21.6019   -72.5595   -155.222    52.4341   -90.8299    57.8262    299.163   -16.7057   -2.10406   -46.5203          1    7.46012    89.3422 
 0.0569334   -53.6759    27.8182    80.2934   -21.5543   -72.5404   -155.256    52.4341   -90.8148    57.9162    299.129   -16.7088   -2.10165   -46.5857          1    7.45911    89.3541 
 0.0568935   -53.7005    27.8247    80.2985   -21.5051   -72.5292   -155.293    52.4344   -90.7986    58.0089    298.932   -16.7123    -2.0998   -46.6494          1    7.45851     89.367 
 0.0568538   -53.7295    27.8196    80.2985   -21.4589    -72.505   -155.319    52.4339   -90.7834    58.0979    299.047   -16.7142    -2.0969    -46.719          1    7.45711     89.379 
 0.0568141   -53.7567    27.8207    80.3014   -21.4096   -72.4873   -155.357    52.4342   -90.7677    58.1889    298.989   -16.7175   -2.09404    -46.781          1    7.45643    89.3915 
 0.0567744   -53.7823    27.8207    80.3035   -21.3628   -72.4685   -155.387     52.434   -90.7524      58.28    298.961   -16.7204   -2.09206   -46.8478          1    7.45539    89.4036 
 0.0567348   -53.8083     27.821    80.3062   -21.3139   -72.4508   -155.422    52.4341   -90.7363    58.3716    298.921    -16.723   -2.08944   -46.9117          1    7.45457    89.4164 
 0.0566952   -53.8327    27.8208    80.3089   -21.2672   -72.4328   -155.454    52.4339    -90.721    58.4634    298.885   -16.7264   -2.08694   -46.9767          1    7.45351    89.4285 
 0.0566557   -53.8574    27.8218    80.3101    -21.219   -72.4144   -155.488     52.434   -90.7051    58.5555    298.841   -16.7292   -2.08459   -47.0406          1    7.45275    89.4411 
 0.0566163   -53.8817    27.8225    80.3115   -21.1707   -72.3962   -155.521     52.434   -90.6892    58.6479      298.8   -16.7319   -2.08208   -47.1043          1    7.45198    89.4537 
 0.0565769    -53.905    27.8221    80.3143   -21.1228   -72.3784   -155.556    52.4337   -90.6736    58.7406    298.762   -16.7349   -2.07976   -47.1671          1    7.45084    89.4661 
 0.0565376   -53.9279    27.8225    80.3164    -21.075    -72.361   -155.589    52.4337   -90.6575    58.8337    298.714   -16.7379   -2.07732   -47.2309          1    7.45003    89.4789 
 0.0564983   -53.9496    27.8219    80.3194   -21.0282   -72.3441    -155.62    52.4336   -90.6419    58.9271    298.676   -16.7405   -2.07478   -47.2962          1    7.44916    89.4912 
 0.0564591   -53.9719    27.8227    80.3206   -20.9789   -72.3263   -155.656    52.4335   -90.6258    59.0207    298.629    -16.743   -2.07216   -47.3567          1    7.44828    89.5039 
 0.0564199   -53.9937    27.8224    80.3225   -20.9309   -72.3082   -155.689    52.4333   -90.6095    59.1145    298.588   -16.7459   -2.07027   -47.4196          1    7.44733    89.5169 
 0.0563808   -54.0136    27.8231     80.323   -20.8844   -72.2904   -155.721    52.4331   -90.5942    59.2088    298.545   -16.7487   -2.06758   -47.4831          1    7.44642     89.529 
 0.0563418   -54.0338    27.8219    80.3273   -20.8369   -72.2742   -155.754     52.433   -90.5783    59.3031    298.497   -16.7516   -2.06524    -47.546          1     7.4456    89.5416 
 0.0563028   -54.0534    27.8217    80.3286   -20.7897   -72.2568   -155.786    52.4328   -90.5619     59.398    298.455   -16.7545   -2.06284   -47.6091          1    7.44469    89.5546 
  0.056264   -54.0732     27.821    80.3306   -20.7414   -72.2388   -155.821    52.4325   -90.5461    59.4927    298.418   -16.7571   -2.06066   -47.6699          1    7.44377    89.5672 
 0.0562251   -54.0919    27.8213    80.3311   -20.6938   -72.2215   -155.854    52.4324   -90.5295    59.5882    298.375   -16.7599   -2.05781   -47.7318          1    7.44301    89.5803 
 0.0561864   -54.1102    27.8207    80.3327   -20.6461   -72.2042   -155.886    52.4321   -90.5134    59.6837    298.335   -16.7622   -2.05568   -47.7938          1    7.44209     89.593 
 0.0561477   -54.1273    27.8209    80.3342   -20.5992   -72.1875   -155.919    52.4319   -90.4973    59.7798    298.276   -16.7654   -2.05316   -47.8551          1    7.44124    89.6058 
  0.056109    -54.144    27.8196    80.3362   -20.5525   -72.1702   -155.952    52.4314   -90.4818    59.8757    298.244   -16.7682   -2.05054   -47.9161          1    7.44018    89.6181 
 0.0560705    -54.161     27.819    80.3382   -20.5045   -72.1532   -155.986    52.4312   -90.4656     59.972    298.192   -16.7707   -2.04862   -47.9768          1    7.43939     89.631 
  0.056032   -54.1771    27.8178    80.3405    -20.457    -72.137   -156.018     52.431   -90.4494    60.0687    298.152    -16.773    -2.0459   -48.0381          1    7.43865    89.6438 
 0.0559935   -54.1932    27.8173    80.3406   -20.4099   -72.1187   -156.051    52.4307   -90.4327    60.1655    298.109   -16.7763   -2.04375   -48.0982          1    7.43779    89.6571 
 0.0559552   -54.2081    27.8168    80.3418   -20.3623   -72.1021   -156.085    52.4303   -90.4166    60.2628    298.063   -16.7785   -2.04123   -48.1582          1    7.43691    89.6698 
 0.0559169   -54.2232    27.8157    80.3433   -20.3143   -72.0851    -156.12    52.4301   -90.4001    60.3601    298.021   -16.7812   -2.03868   -48.2167          1    7.43611    89.6829 
 0.0558787   -54.2401    27.8121    80.3468   -20.2663   -72.0643   -156.159      52.43   -90.3864    60.4554    298.009   -16.7845    -2.0372   -48.2717          1    7.43564    89.6938 
 0.0558406   -54.2496    27.8142    80.3458    -20.221   -72.0524   -156.185    52.4292   -90.3681    60.5562     297.92   -16.7862   -2.03375    -48.337          1    7.43435    89.7082 
 0.0558025   -54.2635    27.8126    80.3479   -20.1732   -72.0355   -156.217     52.429   -90.3513    60.6542    297.873   -16.7888   -2.03193   -48.3966          1     7.4337    89.7216 
 0.0557645   -54.2759    27.8109     80.349   -20.1262   -72.0189   -156.251    52.4284   -90.3347    60.7529    297.838   -16.7915   -2.02903    -48.455          1    7.43268    89.7347 
 0.0557266   -54.2877    27.8105    80.3502   -20.0792   -72.0026   -156.284    52.4281   -90.3185    60.8517    297.771   -16.7941   -2.02709   -48.5139          1    7.43195    89.7475 
 0.0556887   -54.2986    27.8081    80.3521   -20.0337   -71.9863   -156.313    52.4276   -90.3023    60.9507    297.738   -16.7965   -2.02487   -48.5757          1     7.4311    89.7604 
  0.055651   -54.3099    27.8078    80.3518   -19.9851   -71.9696   -156.349    52.4271   -90.2856    61.0503    297.686   -16.7985   -2.02236   -48.6317          1     7.4302    89.7736 
 0.0556133   -54.3205    27.8054     80.353   -19.9394   -71.9523   -156.381    52.4268   -90.2697    61.1494    297.655   -16.8015   -2.01986   -48.6907          1    7.42952    89.7862 
 0.0555757   -54.3269    27.8037    80.3545    -19.898    -71.938     -156.4    52.4262   -90.2541    61.2499    297.607   -16.8036   -2.01792   -48.7595          1    7.42869    89.7986 
 0.0555382   -54.3412     27.802    80.3523   -19.8428   -71.9173   -156.452    52.4252   -90.2357    61.3495    297.595   -16.8059   -2.01471   -48.8013          1    7.42729    89.8132 
 0.0555007   -54.3483    27.8014    80.3564   -19.7977   -71.9044   -156.482    52.4249   -90.2197    61.4505    297.485   -16.8089   -2.01305   -48.8613          1    7.42672    89.8259 
 0.0554633   -54.3571    27.7989    80.3571   -19.7514   -71.8879   -156.513    52.4245   -90.2026    61.5511    297.452   -16.8113   -2.01064   -48.9204          1    7.42602    89.8395 
  0.055426   -54.3641    27.7979    80.3571   -19.7054   -71.8719   -156.545    52.4239   -90.1864    61.6522    297.398   -16.8136   -2.00806    -48.978          1     7.4252    89.8522 
 0.0553888   -54.3722    27.7958    80.3586   -19.6581   -71.8556   -156.579    52.4235   -90.1698    61.7531    297.344   -16.8161   -2.00598   -49.0338          1    7.42462    89.8654 
 0.0553517   -54.3792    27.7935    80.3603   -19.6111   -71.8397   -156.614    52.4228   -90.1533    61.8545    297.292   -16.8185   -2.00386   -49.0893          1    7.42369    89.8785 
 0.0553146   -54.3844    27.7925    80.3595   -19.5655   -71.8241   -156.644    52.4221   -90.1365    61.9568    297.237   -16.8206   -2.00123   -49.1475          1    7.42285    89.8918 
 0.0552777   -54.3909    27.7903      80.36   -19.5187   -71.8074   -156.677    52.4216   -90.1194    62.0587    297.186   -16.8234   -1.99916    -49.203          1    7.42211    89.9054 
 0.0552408    -54.396     27.788    80.3608   -19.4724   -71.7916   -156.709     52.421   -90.1028    62.1609    297.138   -16.8253   -1.99714   -49.2601          1    7.42135    89.9185 
  0.055204   -54.3998    27.7857     80.361    -19.426   -71.7764   -156.743    52.4198   -90.0859     62.264    297.096   -16.8277   -1.99379   -49.3139          1    7.42003    89.9319 
 0.0551673   -54.4054    27.7823    80.3639   -19.3791   -71.7605   -156.776    52.4196   -90.0693     62.366    297.041   -16.8301   -1.99216   -49.3696          1    7.41977    89.9451 
 0.0551306   -54.4081    27.7806    80.3639    -19.334   -71.7452   -156.807    52.4188   -90.0527    62.4694    296.979   -16.8325   -1.98985   -49.4262          1    7.41889    89.9582 
 0.0550941   -54.4116     27.778    80.3645   -19.2878   -71.7293    -156.84    52.4182   -90.0357    62.5726    296.927    -16.835    -1.9876   -49.4813          1    7.41822    89.9717 
 0.0550576   -54.4146     27.776    80.3641   -19.2407   -71.7129   -156.874    52.4174    -90.019    62.6762    296.874   -16.8369   -1.98564   -49.5348          1    7.41739     89.985 
 0.0550212   -54.4164    27.7732    80.3634   -19.1958   -71.6966   -156.904    52.4166   -90.0019      62.78    296.835   -16.8392   -1.98326   -49.5914          1    7.41656    89.9985 
  0.054985   -54.4181    27.7706    80.3642   -19.1495   -71.6816   -156.937    52.4159   -89.9851    62.8842    296.778   -16.8414   -1.98061   -49.6451          1    7.41593    90.0118 
 0.0549487    -54.418    27.7677    80.3651   -19.1048    -71.667   -156.968    52.4148   -89.9681     62.989    296.718   -16.8438   -1.97844   -49.7007          1    7.41484    90.0253 
 0.0549126   -54.4195    27.7652    80.3645   -19.0582   -71.6505   -157.001    52.4143   -89.9513    63.0932     296.67   -16.8458   -1.97624    -49.754          1     7.4144    90.0386 
 0.0548766   -54.4192    27.7624    80.3654   -19.0121    -71.636   -157.033    52.4133    -89.934    63.1984    296.604   -16.8479   -1.97416   -49.8077          1    7.41347    90.0523 
 0.0548407   -54.4182      27.76    80.3653    -18.967   -71.6206   -157.066    52.4125   -89.9175    63.3036    296.543   -16.8502   -1.97178   -49.8611          1    7.41271    90.0653 
 0.0548048   -54.4183     27.756    80.3659   -18.9203   -71.6045   -157.099    52.4116   -89.9002    63.4086    296.501   -16.8522   -1.96984   -49.9136          1    7.41199    90.0791 
 0.0547691   -54.4174    27.7522    80.3659   -18.8746   -71.5884   -157.132    52.4108    -89.883     63.514    296.462   -16.8544   -1.96741   -49.9664          1    7.41129    90.0927 
 0.0547325   -54.4589    27.6786    80.3361    -18.841   -71.4811   -157.121    52.4094   -89.8688    63.5897    298.283   -16.8543   -1.96047   -50.0439          1    7.41006     90.104 
 0.0546978   -54.4118    27.7469    80.3642   -18.7848   -71.5575   -157.194    52.4088   -89.8492    63.7263    296.345   -16.8587   -1.96304   -50.0731          1     7.4097    90.1195 
 0.0546623   -54.4081    27.7434    80.3655   -18.7396   -71.5436   -157.226    52.4078   -89.8321     63.833    296.278   -16.8607   -1.96086   -50.1262          1    7.40885     90.133 
 0.0546269   -54.4041    27.7406    80.3649   -18.6949   -71.5289   -157.257     52.407    -89.815    63.9398    296.216   -16.8628   -1.95824   -50.1793          1    7.40832    90.1466 
 0.0545916   -54.4009    27.7378    80.3638   -18.6479    -71.513   -157.293    52.4059   -89.7973    64.0468    296.151    -16.865   -1.95606   -50.2279          1     7.4075    90.1606 
 0.0545564   -54.3959    27.7333    80.3644   -18.6039   -71.4977   -157.324    52.4049   -89.7808    64.1537    296.109   -16.8672   -1.95378   -50.2806          1    7.40668    90.1737 
 0.0545213   -54.3929    27.7288    80.3636   -18.5584   -71.4806   -157.356    52.4046   -89.7636      64.26     296.08   -16.8694   -1.95111    -50.332          1    7.40672    90.1873 
 0.0544863   -54.3846    27.7262    80.3641   -18.5145   -71.4677   -157.386    52.4028   -89.7467    64.3688    295.988   -16.8712   -1.94972   -50.3846          1    7.40522    90.2007 
 0.0544514   -54.3789    27.7221    80.3637   -18.4693   -71.4526   -157.418    52.4019   -89.7289    64.4767    295.935   -16.8732   -1.94733   -50.4361          1    7.40469    90.2148 
 0.0544165    -54.372    27.7187    80.3636   -18.4239    -71.438   -157.451    52.4006   -89.7117     64.585    295.863   -16.8752   -1.94546   -50.4859          1    7.40379    90.2284 
 0.0543818    -54.364    27.7156    80.3613   -18.3807   -71.4224   -157.479    52.3997   -89.6946    64.6935    295.808   -16.8772   -1.94321   -50.5391          1    7.40321    90.2419 
 0.0543471    -54.357    27.7105     80.362    -18.335   -71.4076   -157.514    52.3984   -89.6769    64.8021    295.759   -16.8792   -1.94066   -50.5875          1     7.4024     90.256 
 0.0543126   -54.3483    27.7069     80.362   -18.2906   -71.3932   -157.546    52.3973     -89.66     64.911    295.683   -16.8813   -1.93875   -50.6375          1    7.40173    90.2694 
 0.0542781   -54.3394    27.7032    80.3605   -18.2465   -71.3783   -157.575    52.3963   -89.6422    65.0204    295.622   -16.8831   -1.93663   -50.6893          1    7.40115    90.2835 
 0.0542438   -54.3297    27.6986    80.3603   -18.2026   -71.3637   -157.607    52.3951   -89.6251    65.1298    295.569   -16.8851   -1.93409   -50.7391          1     7.4004     90.297 
 0.0542095   -54.3195    27.6943    80.3602   -18.1586   -71.3493   -157.637    52.3938   -89.6078    65.2395    295.501   -16.8869   -1.93242   -50.7898          1    7.39966    90.3107 
 0.0541754   -54.3096    27.6903    80.3582   -18.1137   -71.3334    -157.67    52.3926   -89.5905    65.3493    295.445   -16.8889   -1.93022   -50.8373          1    7.39892    90.3244 
 0.0541413   -54.2987    27.6857    80.3576   -18.0694    -71.319   -157.702    52.3914   -89.5729    65.4595    295.388   -16.8907   -1.92753   -50.8861          1    7.39832    90.3383 
 0.0541073   -54.2872    27.6815    80.3574   -18.0249   -71.3047   -157.734    52.3901   -89.5555      65.57    295.313   -16.8926   -1.92574   -50.9345          1    7.39762    90.3521 
 0.0540734   -54.2751    27.6765    80.3567   -17.9815   -71.2901   -157.764    52.3889   -89.5377    65.6807    295.256   -16.8945   -1.92369   -50.9848          1    7.39697    90.3662 
 0.0540397   -54.2623    27.6716    80.3561   -17.9377   -71.2757   -157.795    52.3874   -89.5202    65.7917    295.194   -16.8962   -1.92156   -51.0333          1    7.39615      90.38 
  0.054006   -54.2485    27.6669    80.3555   -17.8948   -71.2616   -157.825     52.386   -89.5033    65.9029    295.131   -16.8982   -1.91918   -51.0821          1    7.39541    90.3935 
 0.0539724   -54.2351    27.6629    80.3535   -17.8509   -71.2464   -157.857    52.3848   -89.4857    66.0142    295.061   -16.9001   -1.91719   -51.1296          1    7.39484    90.4074 
 0.0539389   -54.2207    27.6577    80.3525   -17.8074   -71.2319   -157.887    52.3833   -89.4686    66.1259    295.007   -16.9014    -1.9151    -51.178          1    7.39405    90.4209 
 0.0539056   -54.2065     27.653    80.3516   -17.7638   -71.2168   -157.919     52.382   -89.4511    66.2375    294.932   -16.9037   -1.91344   -51.2249          1    7.39349    90.4348 
 0.0538723   -54.1913    27.6475    80.3516   -17.7197   -71.2036   -157.952    52.3806   -89.4332    66.3499    294.866   -16.9053   -1.91081   -51.2714          1    7.39285    90.4489 
 0.0538391   -54.1752    27.6423    80.3507   -17.6769   -71.1893   -157.982    52.3791   -89.4158    66.4623    294.802    -16.907   -1.90873   -51.3191          1    7.39209    90.4627 
  0.053806   -54.1591    27.6372    80.3485    -17.634    -71.174   -158.012    52.3777   -89.3981    66.5748    294.742    -16.909   -1.90669   -51.3664          1    7.39144    90.4767 
  0.053773   -54.1425    27.6327     80.347   -17.5901   -71.1595   -158.045    52.3762   -89.3804    66.6877    294.664   -16.9106   -1.90488   -51.4119          1    7.39083    90.4907 
 0.0537401   -54.1246    27.6268    80.3462   -17.5486   -71.1454   -158.072    52.3748   -89.3633    66.8007    294.606   -16.9124    -1.9027   -51.4607          1    7.39024    90.5043 
 0.0537074   -54.1052    27.6236    80.3439   -17.5031   -71.1345   -158.104    52.3727   -89.3442     66.916    294.506    -16.912   -1.90038    -51.506          1    7.38907    90.5194 
 0.0536747   -54.0883    27.6157    80.3432   -17.4629   -71.1163   -158.134    52.3717    -89.328    67.0276    294.483   -16.9158    -1.8984   -51.5528          1    7.38884    90.5322 
 0.0536421   -54.0689    27.6108    80.3407   -17.4209   -71.1016   -158.164    52.3701   -89.3106    67.1414    294.411   -16.9176   -1.89646   -51.5992          1    7.38818     90.546 
 0.0536096   -54.0499    27.6043    80.3414   -17.3774   -71.0888   -158.196    52.3686   -89.2924    67.2556    294.335   -16.9193   -1.89405   -51.6435          1    7.38762    90.5604 
 0.0535773   -54.0299     27.599    80.3388   -17.3352   -71.0736   -158.226    52.3669   -89.2748    67.3698     294.27   -16.9211   -1.89224   -51.6892          1    7.38696    90.5743 
  0.053545   -54.0101     27.593     80.338   -17.2913   -71.0598   -158.258    52.3655   -89.2569    67.4843      294.2   -16.9222   -1.89022   -51.7332          1    7.38649    90.5885 
 0.0535128   -53.9884    27.5874    80.3358   -17.2502   -71.0452   -158.286    52.3639   -89.2396     67.599    294.134   -16.9239    -1.8883   -51.7799          1    7.38589    90.6022 
 0.0534807   -53.9664    27.5815    80.3345   -17.2081   -71.0314   -158.318     52.362   -89.2218    67.7143    294.057   -16.9258   -1.88619   -51.8234          1    7.38502    90.6162 
 0.0534488   -53.9441    27.5757    80.3329   -17.1658   -71.0176   -158.348    52.3603   -89.2042    67.8296    293.984   -16.9272   -1.88409   -51.8677          1    7.38444    90.6302 
 0.0534169   -53.9208    27.5695    80.3305   -17.1251   -71.0032   -158.376    52.3585   -89.1864    67.9452    293.923    -16.929   -1.88177   -51.9136          1    7.38373    90.6442 
 0.0533851   -53.8986     27.564    80.3282    -17.082   -70.9883   -158.408    52.3571   -89.1688    68.0606    293.846   -16.9304   -1.88014   -51.9562          1    7.38343    90.6581 
 0.0533535   -53.8747    27.5577    80.3266   -17.0405   -70.9741   -158.438    52.3554   -89.1513    68.1765    293.776    -16.932   -1.87829   -52.0003          1     7.3828     90.672 
 0.0533219   -53.8498     27.551    80.3253   -16.9992   -70.9608   -158.468    52.3533   -89.1332     68.293    293.704   -16.9337   -1.87586   -52.0438          1    7.38196    90.6864 
 0.0532905   -53.8253    27.5449    80.3228   -16.9572    -70.946   -158.498    52.3516   -89.1156    68.4092    293.633   -16.9351   -1.87431   -52.0868          1    7.38141    90.7002 
 0.0532591   -53.7999    27.5382    80.3218   -16.9156   -70.9329   -158.529    52.3497   -89.0972    68.5262    293.548   -16.9368   -1.87227   -52.1296          1    7.38073    90.7148 
 0.0532278   -53.7732    27.5316    80.3198   -16.8756   -70.9187   -158.556     52.348   -89.0803    68.6429    293.485   -16.9381   -1.87037   -52.1746          1    7.38022    90.7282 
 0.0531967   -53.7475     27.525    80.3173    -16.833   -70.9046   -158.588    52.3461   -89.0618    68.7602    293.415   -16.9393   -1.86807   -52.2155          1    7.37966    90.7428 
 0.0531656   -53.7203    27.5175    80.3169   -16.7923   -70.8912   -158.618    52.3442   -89.0441    68.8775     293.34   -16.9411   -1.86609    -52.258          1    7.37902    90.7568 
 0.0531347   -53.6924    27.5112    80.3139   -16.7521   -70.8766   -158.645    52.3425    -89.027    68.9949    293.272   -16.9423   -1.86429   -52.3016          1    7.37862    90.7703 
 0.0531039   -53.6637    27.5046    80.3125   -16.7114   -70.8639   -158.674    52.3402    -89.008    69.1135    293.165   -16.9444   -1.86294   -52.3441          1    7.37769    90.7853 
 0.0530731   -53.6354    27.4973    80.3104   -16.6701   -70.8499   -158.705    52.3384   -88.9906    69.2313    293.109   -16.9453   -1.86029   -52.3848          1     7.3773     90.799 
 0.0530425   -53.6066    27.4906    80.3067   -16.6296   -70.8346   -158.735    52.3365   -88.9727    69.3494    293.043   -16.9471   -1.85815   -52.4256          1    7.37676    90.8132 
  0.053012   -53.5761    27.4834    80.3057     -16.59   -70.8215   -158.762    52.3346   -88.9553     69.468    292.958   -16.9484   -1.85673   -52.4689          1     7.3762     90.827 
 0.0529815   -53.5462    27.4762    80.3033   -16.5489   -70.8075   -158.794    52.3326   -88.9373    69.5867    292.882   -16.9499   -1.85439    -52.508          1    7.37566    90.8412 
 0.0529512   -53.5158    27.4693    80.3002    -16.508   -70.7928   -158.824    52.3306   -88.9193    69.7056    292.806   -16.9513   -1.85274    -52.548          1    7.37513    90.8554 
  0.052921   -53.4839    27.4622    80.2982   -16.4683   -70.7802   -158.852    52.3286   -88.9012    69.8252    292.721   -16.9525   -1.85045   -52.5899          1    7.37471    90.8697 
 0.0528909   -53.4523    27.4545    80.2959   -16.4284   -70.7655   -158.881    52.3266   -88.8837    69.9443    292.648   -16.9542   -1.84884   -52.6298          1    7.37417    90.8835 
 0.0528608   -53.4191    27.4473    80.2929   -16.3889   -70.7523   -158.909    52.3243   -88.8653    70.0645    292.566   -16.9554    -1.8467   -52.6708          1    7.37348    90.8981 
 0.0528309   -53.3866    27.4397      80.29   -16.3481   -70.7381    -158.94    52.3223   -88.8474    70.1844    292.497   -16.9562   -1.84465   -52.7095          1    7.37299    90.9122 
 0.0528011   -53.3529    27.4325    80.2877   -16.3085   -70.7243   -158.969    52.3201   -88.8296    70.3045    292.403    -16.958   -1.84307   -52.7486          1    7.37246    90.9263 
 0.0527714   -53.3185    27.4248    80.2855   -16.2692   -70.7107   -158.997    52.3181   -88.8121    70.4249    292.326   -16.9591   -1.84125   -52.7887          1    7.37198    90.9401 
 0.0527418    -53.284    27.4168    80.2822   -16.2298   -70.6961   -159.026    52.3158   -88.7941    70.5454    292.258   -16.9605   -1.83938   -52.8276          1    7.37134    90.9543 
 0.0527123   -53.2489    27.4089    80.2789   -16.1907   -70.6819   -159.054    52.3136   -88.7758    70.6663    292.181   -16.9618   -1.83754    -52.867          1    7.37084    90.9687 
 0.0526829   -53.2121    27.4013    80.2764   -16.1527    -70.669    -159.08    52.3114   -88.7581    70.7877    292.093    -16.963   -1.83563   -52.9079          1    7.37033    90.9828 
 0.0526536   -53.1764    27.3933    80.2742   -16.1117   -70.6556   -159.113    52.3091     -88.74     70.909    292.005   -16.9641   -1.83363   -52.9431          1    7.36982    90.9971 
 0.0526244   -53.1396    27.3841    80.2726   -16.0741   -70.6418   -159.139     52.307   -88.7219    71.0303    291.933   -16.9657     -1.832   -52.9838          1    7.36941    91.0113 
 0.0525953   -53.1016    27.3762    80.2701   -16.0355   -70.6283   -159.167    52.3046   -88.7045    71.1522    291.844   -16.9669    -1.8304   -53.0216          1     7.3688    91.0251 
 0.0525663   -53.0631    27.3685     80.266   -15.9971   -70.6149   -159.194    52.3022   -88.6859    71.2747    291.757    -16.968   -1.82822   -53.0603          1    7.36828    91.0398 
 0.0525374   -53.0249    27.3598     80.263   -15.9583   -70.6004   -159.223    52.2999   -88.6681    71.3966    291.688    -16.969   -1.82663   -53.0978          1    7.36776    91.0538 
 0.0525087   -52.9815    27.3579    80.2632   -15.9183   -70.5967   -159.255    52.2975    -88.649    71.5225    291.419   -16.9702   -1.82463    -53.132          1    7.36729    91.0689 
   0.05248   -52.9456    27.3429    80.2572   -15.8822   -70.5731   -159.279    52.2951   -88.6323    71.6419     291.52   -16.9716   -1.82295   -53.1723          1    7.36667     91.082 
 0.0524514    -52.905    27.3347    80.2536   -15.8447   -70.5597   -159.305    52.2928   -88.6138    71.7651    291.431   -16.9729    -1.8209   -53.2105          1    7.36629    91.0966 
 0.0524229   -52.8645    27.3255    80.2508   -15.8054   -70.5459   -159.335    52.2901   -88.5957    71.8884    291.356   -16.9735   -1.81914   -53.2453          1    7.36558    91.1109 
 0.0523945   -52.8239    27.3159    80.2493   -15.7674   -70.5322   -159.363     52.288   -88.5779    72.0113    291.273   -16.9749   -1.81768   -53.2821          1    7.36542    91.1249 
 0.0523663   -52.7815    27.3083    80.2445   -15.7301   -70.5176   -159.391    52.2855   -88.5603    72.1349    291.182   -16.9764   -1.81594   -53.3176          1    7.36484    91.1389 
 0.0523381   -52.7385    27.2992    80.2426   -15.6922   -70.5056   -159.419    52.2829    -88.542    72.2592    291.087   -16.9772   -1.81372   -53.3532          1    7.36434    91.1533 
   0.05231   -52.6954    27.2904     80.239   -15.6551   -70.4916   -159.446    52.2805    -88.524    72.3833    291.003   -16.9782   -1.81221     -53.39          1    7.36394    91.1675 
  0.052282   -52.6516    27.2816    80.2361   -15.6177    -70.478   -159.474    52.2781   -88.5067    72.5075    290.912   -16.9794   -1.81051   -53.4245          1    7.36348    91.1812 
 0.0522542   -52.6068    27.2718    80.2325   -15.5813   -70.4647   -159.499    52.2751   -88.4877    72.6325    290.833   -16.9804   -1.80871   -53.4618          1    7.36274    91.1961 
 0.0522264   -52.5621    27.2628    80.2285   -15.5448   -70.4503   -159.526    52.2728     -88.47     72.757    290.752   -16.9817   -1.80683   -53.4972          1    7.36245      91.21 
 0.0521987   -52.5172     27.253     80.227    -15.507   -70.4374   -159.555    52.2704   -88.4522    72.8818    290.659   -16.9826   -1.80527   -53.5311          1    7.36219    91.2241 
 0.0521711    -52.471    27.2438    80.2233   -15.4702   -70.4233   -159.582    52.2675   -88.4344    73.0071    290.572   -16.9837   -1.80382   -53.5648          1     7.3615    91.2381 
 0.0521436   -52.4242    27.2347    80.2196    -15.434   -70.4103   -159.608    52.2651   -88.4161    73.1329    290.476   -16.9846   -1.80191   -53.6007          1    7.36125    91.2526 
